#title: Spectral profile - ACA.HH114MMSSPW2.clean.image
#region (world): Ellipse[[05:18:18.099, +07d10m28.599], [05:18:14.739, +07d11m18.599]]
#region (pixel): Ellipse[[105, 75], [154, 124]]
#coordinate: world
#xLabel: frequency [GHz]
#yLabel: [Jy/beam] Mean

# BLC.HH114MMSSPW2.clean.image-raster
9.317988586426e+01 1.228794921190e-02
9.317976379395e+01 -2.222036384046e-02
9.317964172363e+01 -1.110340002924e-02
9.317951965332e+01 -6.228274200112e-03
9.317939758301e+01 -1.155047118664e-02
9.317927551270e+01 3.830128116533e-03
9.317915344238e+01 -1.634498708881e-03
9.317903137207e+01 3.762644482777e-03
9.317890930176e+01 1.705501414835e-02
9.317878723145e+01 -4.444709629752e-04
9.317866516113e+01 3.533901879564e-03
9.317854309082e+01 4.806203767657e-03
9.317842102051e+01 4.454649519175e-03
9.317829895020e+01 5.682347808033e-03
9.317817687988e+01 -4.453919827938e-03
9.317805480957e+01 3.915620036423e-03
9.317793273926e+01 2.614479279146e-03
9.317781066895e+01 3.570876549929e-03
9.317768859863e+01 -4.865829832852e-03
9.317756652832e+01 -9.155601263046e-03
9.317744445801e+01 -1.924426760525e-03
9.317732238770e+01 -6.781905423850e-03
9.317720031738e+01 -7.282705046237e-03
9.317707824707e+01 1.427284441888e-03
9.317695617676e+01 5.846115201712e-02
9.317683410645e+01 4.960280656815e-01
9.317671203613e+01 1.554893255234e+00
9.317658996582e+01 1.349302530289e+00
9.317646789551e+01 2.132987380028e-01
9.317634582520e+01 2.289109490812e-02
9.317622375488e+01 -1.887299120426e-03
9.317610168457e+01 -6.730333901942e-03
9.317597961426e+01 -3.241172991693e-03
9.317585754395e+01 -4.650996997952e-03
9.317573547363e+01 -2.567734941840e-02
9.317561340332e+01 1.682842732407e-03
9.317549133301e+01 1.974572800100e-02
9.317536926270e+01 1.004885043949e-02
9.317524719238e+01 4.983109422028e-03
9.317512512207e+01 -1.231596618891e-02
9.317500305176e+01 7.985581643879e-03
9.317488098145e+01 7.587342523038e-03
9.317475891113e+01 1.669609360397e-02
9.317463684082e+01 7.873848080635e-02
9.317451477051e+01 5.972783565521e-01
9.317439270020e+01 1.543521165848e+00
9.317427062988e+01 2.557360172272e+00
9.317414855957e+01 2.851606130600e+00
9.317402648926e+01 1.814900875092e+00
9.317390441895e+01 2.148950576782e+00
9.317378234863e+01 1.523414731026e+00
9.317366027832e+01 2.628160715103e-01
9.317353820801e+01 1.791923865676e-02
9.317341613770e+01 -8.701569400728e-03
9.317329406738e+01 -4.739474097732e-04
9.317317199707e+01 4.540886729956e-03
9.317304992676e+01 9.996147826314e-03
9.317292785645e+01 -1.128307339968e-04
9.317280578613e+01 1.756587065756e-02
9.317268371582e+01 1.735659986734e-01
9.317256164551e+01 1.042212605476e+00
9.317243957520e+01 2.440526485443e+00
9.317231750488e+01 2.386689186096e+00
9.317219543457e+01 1.272160053253e+00
9.317207336426e+01 7.861460447311e-01
9.317195129395e+01 6.076830029488e-01
9.317182922363e+01 6.346452236176e-02
9.317170715332e+01 1.899922639132e-02
9.317158508301e+01 -7.421424146742e-03
9.317146301270e+01 -3.152410034090e-03
9.317134094238e+01 -8.162281475961e-03
9.317121887207e+01 -1.178578007966e-02
9.317109680176e+01 7.322801277041e-03
9.317097473145e+01 7.705087307841e-03
9.317085266113e+01 5.883002653718e-03
9.317073059082e+01 -2.096445299685e-02
9.317060852051e+01 -5.244512110949e-03
9.317048645020e+01 -3.529756097123e-03
9.317036437988e+01 -3.556278767064e-03
9.317024230957e+01 1.246729120612e-02
9.317012023926e+01 9.726496413350e-03
9.316999816895e+01 1.013457542285e-03
9.316987609863e+01 -4.233670420945e-03
9.316975402832e+01 -3.305230988190e-03
9.316963195801e+01 -4.713478498161e-03
9.316950988770e+01 9.684241376817e-03
9.316938781738e+01 -8.116103708744e-03
9.316926574707e+01 2.448638668284e-03
9.316914367676e+01 3.835624316707e-03
9.316902160645e+01 -3.224248299375e-03
9.316889953613e+01 -9.549772948958e-04
9.316877746582e+01 1.802394166589e-03
9.316865539551e+01 8.740353398025e-03
9.316853332520e+01 5.158123560250e-03
9.316841125488e+01 -1.111012024921e-04
9.316828918457e+01 1.488955342211e-03
9.316816711426e+01 6.688253022730e-03
9.316804504395e+01 1.107545755804e-02

# ACA.HH114MMSSPW2.clean.image
9.317988586426e+01 2.619393926580e-04
9.317976379395e+01 -8.507774211466e-03
9.317964172363e+01 -4.287444520742e-03
9.317951965332e+01 -2.778211142868e-03
9.317939758301e+01 9.015242569149e-03
9.317927551270e+01 2.007350511849e-02
9.317915344238e+01 5.080133210868e-03
9.317903137207e+01 5.060198251158e-03
9.317890930176e+01 8.215384557843e-03
9.317878723145e+01 1.201234385371e-02
9.317866516113e+01 3.292479785159e-03
9.317854309082e+01 5.408388562500e-03
9.317842102051e+01 1.100431382656e-02
9.317829895020e+01 7.141872774810e-03
9.317817687988e+01 9.856888093054e-03
9.317805480957e+01 1.373261958361e-02
9.317793273926e+01 -8.117794990540e-03
9.317781066895e+01 1.077533140779e-02
9.317768859863e+01 2.481068484485e-03
9.317756652832e+01 -8.001863956451e-03
9.317744445801e+01 1.260757725686e-02
9.317732238770e+01 1.121659856290e-02
9.317720031738e+01 7.082129362971e-03
9.317707824707e+01 1.186305307783e-03
9.317695617676e+01 6.195988133550e-02
9.317683410645e+01 4.559294283390e-01
9.317671203613e+01 1.505020022392e+00
9.317658996582e+01 1.467923641205e+00
9.317646789551e+01 2.695065736771e-01
9.317634582520e+01 2.176458016038e-02
9.317622375488e+01 5.957123823464e-03
9.317610168457e+01 8.933898061514e-03
9.317597961426e+01 -1.314333546907e-02
9.317585754395e+01 -2.198120811954e-03
9.317573547363e+01 1.405193936080e-03
9.317561340332e+01 2.027908898890e-02
9.317549133301e+01 1.679397001863e-02
9.317536926270e+01 -9.622629731894e-04
9.317524719238e+01 -1.195556856692e-02
9.317512512207e+01 4.206439014524e-03
9.317500305176e+01 6.242309231311e-03
9.317488098145e+01 7.025006227195e-03
9.317475891113e+01 2.267811261117e-02
9.317463684082e+01 7.702723145485e-02
9.317451477051e+01 5.400704145432e-01
9.317439270020e+01 1.583778977394e+00
9.317427062988e+01 2.573375225067e+00
9.317414855957e+01 3.011704921722e+00
9.317402648926e+01 2.092737197876e+00
9.317390441895e+01 2.211542844772e+00
9.317378234863e+01 1.753903269768e+00
9.317366027832e+01 3.296711146832e-01
9.317353820801e+01 4.701908677816e-02
9.317341613770e+01 1.697543635964e-02
9.317329406738e+01 3.977815620601e-03
9.317317199707e+01 4.841702990234e-03
9.317304992676e+01 4.163547419012e-03
9.317292785645e+01 -8.724311366677e-03
9.317280578613e+01 1.907436549664e-02
9.317268371582e+01 2.235527932644e-01
9.317256164551e+01 1.033357858658e+00
9.317243957520e+01 2.437970876694e+00
9.317231750488e+01 2.572682619095e+00
9.317219543457e+01 1.468881130219e+00
9.317207336426e+01 8.299295306206e-01
9.317195129395e+01 6.594073176384e-01
9.317182922363e+01 9.127190709114e-02
9.317170715332e+01 1.276021823287e-03
9.317158508301e+01 -1.473391777836e-03
9.317146301270e+01 -1.066058594733e-02
9.317134094238e+01 -1.528494904051e-04
9.317121887207e+01 -1.777918776497e-03
9.317109680176e+01 1.278003212065e-02
9.317097473145e+01 9.756383486092e-03
9.317085266113e+01 -8.936776779592e-03
9.317073059082e+01 1.252433285117e-03
9.317060852051e+01 -1.385642448440e-03
9.317048645020e+01 -1.074756868184e-02
9.317036437988e+01 -5.409437580965e-04
9.317024230957e+01 1.295438595116e-02
9.317012023926e+01 -4.717455711216e-03
9.316999816895e+01 -3.708607750013e-03
9.316987609863e+01 -6.144934799522e-03
9.316975402832e+01 -5.779368337244e-03
9.316963195801e+01 1.714612124488e-03
9.316950988770e+01 2.612696494907e-03
9.316938781738e+01 -1.240644487552e-03
9.316926574707e+01 -5.999458953738e-03
9.316914367676e+01 -2.017952036113e-03
9.316902160645e+01 6.742469500750e-03
9.316889953613e+01 1.251499727368e-02
9.316877746582e+01 1.666243188083e-03
9.316865539551e+01 -5.434322636575e-03
9.316853332520e+01 -5.684270057827e-03
9.316841125488e+01 9.337933734059e-03
9.316828918457e+01 1.386527065188e-02
9.316816711426e+01 2.312099561095e-03
9.316804504395e+01 -1.655486598611e-02