#title: Spectral profile - ACA.HH114MMSSPW4.clean.image
#region (world): Ellipse[[05:18:18.099, +07d10m28.599], [05:18:14.739, +07d11m18.599]]
#region (pixel): Ellipse[[105, 75], [154, 124]]
#coordinate: world
#xLabel: radio velocity [km/s]
#yLabel: [Jy/beam] Mean

# BLC.HH114MMSSPW4.clean.image-raster
-1.612790832520e+02 1.006214041263e-02
-1.608754119873e+02 7.477673934773e-04
-1.604717407227e+02 5.475767888129e-03
-1.600680541992e+02 2.137012965977e-02
-1.596643829346e+02 -2.557137748227e-03
-1.592607116699e+02 -3.745325375348e-03
-1.588570251465e+02 -1.531440066174e-03
-1.584533538818e+02 1.220619678497e-02
-1.580496826172e+02 2.970294561237e-03
-1.576459960938e+02 -8.722079219297e-04
-1.572423248291e+02 3.932780120522e-03
-1.568386383057e+02 8.789482526481e-03
-1.564349670410e+02 -5.162127315998e-03
-1.560312957764e+02 1.013960782439e-02
-1.556276092529e+02 3.761278465390e-03
-1.552239379883e+02 3.096014726907e-03
-1.548202667236e+02 -2.932523842901e-03
-1.544165802002e+02 -3.893758868799e-03
-1.540129089355e+02 -8.765225298703e-03
-1.536092376709e+02 -9.073827415705e-03
-1.532055511475e+02 3.962883260101e-03
-1.528018798828e+02 -9.315205388702e-04
-1.523982086182e+02 3.698161570355e-03
-1.519945220947e+02 -2.689206972718e-03
-1.515908508301e+02 8.165551116690e-04
-1.511871643066e+02 -1.681487425230e-03
-1.507834930420e+02 3.818680765107e-03
-1.503798217773e+02 -5.928271450102e-03
-1.499761352539e+02 2.739496715367e-02
-1.495724639893e+02 5.152028053999e-03
-1.491687927246e+02 -2.350272051990e-02
-1.487651062012e+02 -6.326340604573e-03
-1.483614349365e+02 -6.203194148839e-03
-1.479577636719e+02 -8.273613639176e-03
-1.475540771484e+02 -1.231137197465e-03
-1.471504058838e+02 -2.041815035045e-02
-1.467467346191e+02 2.063948661089e-03
-1.463430480957e+02 6.848279386759e-03
-1.459393768311e+02 -3.838247153908e-03
-1.455357055664e+02 9.745253250003e-03
-1.451320190430e+02 -3.240371355787e-03
-1.447283477783e+02 -2.931958064437e-02
-1.443246612549e+02 -1.590972207487e-02
-1.439209899902e+02 1.185596920550e-02
-1.435173187256e+02 4.048159345984e-03
-1.431136322021e+02 5.020922981203e-03
-1.427099609375e+02 7.697323337197e-03
-1.423062896729e+02 -8.019400760531e-03
-1.419026031494e+02 9.851747890934e-04
-1.414989318848e+02 1.516678743064e-02
-1.410952606201e+02 2.358139958233e-03
-1.406915740967e+02 1.075229421258e-02
-1.402879028320e+02 1.067820191383e-02
-1.398842315674e+02 5.988281685859e-03
-1.394805450439e+02 -4.561424721032e-03
-1.390768737793e+02 -1.370075717568e-02
-1.386731872559e+02 -4.613641649485e-03
-1.382695159912e+02 -2.902996493503e-03
-1.378658447266e+02 -1.846754923463e-02
-1.374621582031e+02 3.400780959055e-03
-1.370584869385e+02 -4.245903342962e-03
-1.366548156738e+02 -1.237341202796e-02
-1.362511291504e+02 -2.594101242721e-03
-1.358474578857e+02 -2.015614649281e-03
-1.354437866211e+02 6.700627505779e-03
-1.350401000977e+02 1.476519182324e-02
-1.346364288330e+02 1.113241910934e-02
-1.342327575684e+02 3.804638981819e-03
-1.338290710449e+02 6.826919969171e-03
-1.334253997803e+02 -2.530026482418e-03
-1.330217132568e+02 1.849306933582e-02
-1.326180419922e+02 1.558731310070e-02
-1.322143707275e+02 1.912378706038e-02
-1.318106842041e+02 2.864367794245e-03
-1.314070129395e+02 -8.913347497582e-03
-1.310033416748e+02 9.812281467021e-03
-1.305996551514e+02 1.689691282809e-02
-1.301959838867e+02 -4.334685392678e-03
-1.297923126221e+02 -7.934540510178e-03
-1.293886260986e+02 -1.763037964702e-02
-1.289849548340e+02 -7.060682866722e-03
-1.285812835693e+02 1.093894708902e-03
-1.281775970459e+02 4.945149179548e-03
-1.277739257812e+02 1.432316936553e-02
-1.273702468872e+02 -1.446288661100e-03
-1.269665679932e+02 1.076701749116e-02
-1.265628967285e+02 9.548685513437e-03
-1.261592178345e+02 1.442608772777e-04
-1.257555389404e+02 -7.266063708812e-03
-1.253518600464e+02 -7.086617406458e-03
-1.249481887817e+02 -2.155543677509e-02
-1.245445098877e+02 -8.198416791856e-03
-1.241408309937e+02 -1.186950691044e-02
-1.237371597290e+02 3.425666829571e-03
-1.233334808350e+02 3.665008116513e-04
-1.229298019409e+02 -4.488351754844e-03
-1.225261230469e+02 8.222989854403e-04
-1.221224517822e+02 -2.811652608216e-03
-1.217187728882e+02 3.870919812471e-03
-1.213150939941e+02 -8.113104850054e-03
-1.209114227295e+02 4.538817331195e-03
-1.205077438354e+02 1.068835426122e-02
-1.201040649414e+02 8.654883131385e-03
-1.197003860474e+02 -2.572737401351e-03
-1.192967147827e+02 -5.532333627343e-03
-1.188930358887e+02 -5.171552766114e-03
-1.184893569946e+02 -1.502938754857e-02
-1.180856857300e+02 -9.561326354742e-03
-1.176820068359e+02 1.675717905164e-02
-1.172783279419e+02 1.642215065658e-02
-1.168746490479e+02 5.523237399757e-03
-1.164709777832e+02 -2.068931935355e-03
-1.160672988892e+02 4.677194170654e-03
-1.156636199951e+02 6.089239846915e-03
-1.152599487305e+02 1.247251406312e-02
-1.148562698364e+02 1.632713014260e-03
-1.144525909424e+02 -8.305297233164e-03
-1.140489120483e+02 -5.617346614599e-03
-1.136452407837e+02 -3.358023939654e-03
-1.132415618896e+02 -6.655712611973e-03
-1.128378829956e+02 -8.682617335580e-04
-1.124342117310e+02 5.037218797952e-03
-1.120305328369e+02 1.332777738571e-02
-1.116268539429e+02 4.187277983874e-03
-1.112231750488e+02 -9.877033531666e-03
-1.108195037842e+02 -2.312758564949e-02
-1.104158248901e+02 6.420328281820e-03
-1.100121459961e+02 2.174780005589e-03
-1.096084747314e+02 1.275192573667e-02
-1.092047958374e+02 1.612270832993e-03
-1.088011169434e+02 2.672387985513e-03
-1.083974380493e+02 2.371627092361e-02
-1.079937667847e+02 6.695515010506e-03
-1.075900878906e+02 -1.895960420370e-02
-1.071864089966e+02 -2.166070917156e-04
-1.067827377319e+02 1.037819404155e-02
-1.063790588379e+02 2.949361922219e-03
-1.059753799438e+02 -6.248386926018e-04
-1.055717086792e+02 -5.139236804098e-03
-1.051680297852e+02 1.134839956649e-03
-1.047643508911e+02 3.719061147422e-03
-1.043606719971e+02 1.271275570616e-03
-1.039570007324e+02 1.150117814541e-02
-1.035533218384e+02 1.013351953588e-03
-1.031496429443e+02 3.814183175564e-03
-1.027459716797e+02 8.522062562406e-03
-1.023422927856e+02 6.331046111882e-03
-1.019386138916e+02 1.300515606999e-02
-1.015349349976e+02 7.021474186331e-03
-1.011312637329e+02 -1.551707927138e-02
-1.007275848389e+02 -4.043185617775e-03
-1.003239059448e+02 1.592721906491e-03
-9.992023468018e+01 3.029649378732e-03
-9.951655578613e+01 2.846997231245e-03
-9.911287689209e+01 6.449443753809e-03
-9.870919799805e+01 -1.796595279302e-05
-9.830552673340e+01 -7.341508287936e-03
-9.790184783936e+01 2.567152492702e-03
-9.749816894531e+01 3.206260735169e-03
-9.709449768066e+01 -2.262306166813e-03
-9.669081878662e+01 7.217792328447e-03
-9.628713989258e+01 9.713933803141e-03
-9.588346099854e+01 -6.849072873592e-03
-9.547978973389e+01 9.125228039920e-03
-9.507611083984e+01 1.741606974974e-03
-9.467243194580e+01 7.779875770211e-03
-9.426876068115e+01 -6.818669848144e-03
-9.386508178711e+01 7.663213647902e-03
-9.346140289307e+01 -2.167561091483e-03
-9.305772399902e+01 -9.516613557935e-03
-9.265405273438e+01 -4.736063070595e-03
-9.225037384033e+01 -5.312382243574e-03
-9.184669494629e+01 -1.019859220833e-03
-9.144302368164e+01 3.391614009161e-04
-9.103934478760e+01 -8.314803242683e-03
-9.063566589355e+01 1.470981072634e-02
-9.023198699951e+01 7.520084735006e-03
-8.982831573486e+01 4.485509358346e-03
-8.942463684082e+01 -1.467847265303e-02
-8.902095794678e+01 3.379105357453e-03
-8.861728668213e+01 -1.496808370575e-03
-8.821360778809e+01 3.285404760391e-03
-8.780992889404e+01 -3.826483385637e-03
-8.740625000000e+01 1.156044658273e-03
-8.700257873535e+01 5.405505187809e-03
-8.659889984131e+01 1.874666428193e-03
-8.619522094727e+01 -1.109258737415e-02
-8.579154968262e+01 1.162501145154e-02
-8.538787078857e+01 8.577518747188e-05
-8.498419189453e+01 8.484799414873e-03
-8.458051300049e+01 8.810743689537e-03
-8.417684173584e+01 1.018208637834e-02
-8.377316284180e+01 -1.849912339821e-03
-8.336948394775e+01 -1.122702006251e-02
-8.296581268311e+01 1.039661839604e-02
-8.256213378906e+01 -6.404319778085e-03
-8.215845489502e+01 3.000322263688e-03
-8.175477600098e+01 1.216313429177e-02
-8.135110473633e+01 2.537256106734e-02
-8.094742584229e+01 7.065469864756e-03
-8.054374694824e+01 -1.575386850163e-03
-8.014007568359e+01 -2.173498272896e-02
-7.973639678955e+01 -3.630060702562e-03
-7.933271789551e+01 -1.096322759986e-02
-7.892904663086e+01 7.642863318324e-03
-7.852536773682e+01 -6.527354009449e-03
-7.812168884277e+01 1.110054072342e-04
-7.771800994873e+01 -2.337100915611e-03
-7.731433868408e+01 1.857334561646e-02
-7.691065979004e+01 2.219537831843e-02
-7.650698089600e+01 1.643698848784e-02
-7.610330963135e+01 1.843105256557e-02
-7.569963073730e+01 1.275929901749e-02
-7.529595184326e+01 -2.682758960873e-03
-7.489227294922e+01 7.953786291182e-03
-7.448860168457e+01 -1.639241538942e-02
-7.408492279053e+01 -1.349449902773e-02
-7.368124389648e+01 5.737201310694e-03
-7.327757263184e+01 1.444666646421e-02
-7.287389373779e+01 1.698598451912e-02
-7.247021484375e+01 1.107192598283e-02
-7.206653594971e+01 -5.930238403380e-03
-7.166286468506e+01 1.055487152189e-02
-7.125918579102e+01 9.139175526798e-03
-7.085550689697e+01 -5.344219971448e-03
-7.045183563232e+01 -3.406565869227e-03
-7.004815673828e+01 9.094448760152e-03
-6.964447784424e+01 1.525753457099e-02
-6.924079895020e+01 1.937647117302e-03
-6.883712768555e+01 6.458634510636e-03
-6.843344879150e+01 5.308257415891e-03
-6.802976989746e+01 -6.285990588367e-03
-6.762609863281e+01 -5.444881040603e-03
-6.722241973877e+01 -2.624948974699e-03
-6.681874084473e+01 -2.082922123373e-02
-6.641506195068e+01 -1.290466357023e-02
-6.601139068604e+01 -2.092710928991e-03
-6.560771179199e+01 5.259364261292e-04
-6.520403289795e+01 3.660588059574e-03
-6.480036163330e+01 9.755901992321e-03
-6.439668273926e+01 -1.640966744162e-03
-6.399300384521e+01 -6.628870964050e-03
-6.358932876587e+01 9.285723790526e-03
-6.318564987183e+01 1.685369946063e-02
-6.278197479248e+01 -4.174299247097e-04
-6.237829971313e+01 1.031450275332e-02
-6.197462081909e+01 -3.966040443629e-03
-6.157094573975e+01 4.365850705653e-03
-6.116726684570e+01 -6.117439363152e-03
-6.076359176636e+01 -1.600013696589e-03
-6.035991287231e+01 -2.823209157214e-03
-5.995623779297e+01 -4.049430601299e-03
-5.955256271362e+01 2.814241917804e-03
-5.914888381958e+01 5.125883966684e-03
-5.874520874023e+01 8.025614544749e-03
-5.834152984619e+01 9.972837753594e-03
-5.793785476685e+01 1.070885267109e-02
-5.753417968750e+01 -6.551168393344e-03
-5.713050079346e+01 -4.026455804706e-03
-5.672682571411e+01 -3.085792530328e-03
-5.632314682007e+01 7.469884119928e-03
-5.591947174072e+01 5.903079640120e-03
-5.551579284668e+01 -3.185963432770e-04
-5.511211776733e+01 -7.406016229652e-04
-5.470844268799e+01 6.881682202220e-03
-5.430476379395e+01 2.245198562741e-02
-5.390108871460e+01 8.140181191266e-03
-5.349740982056e+01 1.602309639566e-04
-5.309373474121e+01 1.140615995973e-02
-5.269005584717e+01 -1.081096474081e-02
-5.228638076782e+01 -6.016867700964e-03
-5.188270568848e+01 -1.007362548262e-02
-5.147902679443e+01 1.294901315123e-02
-5.107535171509e+01 -6.559729110450e-03
-5.067167282104e+01 4.172352142632e-03
-5.026799774170e+01 1.008205208927e-02
-4.986431884766e+01 -2.661647973582e-03
-4.946064376831e+01 6.692390888929e-03
-4.905696868896e+01 1.826291205361e-03
-4.865328979492e+01 -1.276642642915e-02
-4.824961471558e+01 6.437373813242e-03
-4.784593582153e+01 -8.448660373688e-03
-4.744226074219e+01 -1.467323489487e-02
-4.703858184814e+01 -8.500381372869e-03
-4.663490676880e+01 1.211320850416e-04
-4.623123168945e+01 -1.350562460721e-02
-4.582755279541e+01 -1.856492646039e-02
-4.542387771606e+01 -1.910650753416e-03
-4.502019882202e+01 5.058833397925e-03
-4.461652374268e+01 8.180815726519e-03
-4.421284866333e+01 -1.939577516168e-03
-4.380916976929e+01 -5.423376336694e-03
-4.340549468994e+01 -1.198957953602e-02
-4.300181579590e+01 -2.860761480406e-03
-4.259814071655e+01 -9.687444195151e-03
-4.219446182251e+01 -1.665437407792e-02
-4.179078674316e+01 -3.800306469202e-03
-4.138711166382e+01 -3.301974153146e-03
-4.098343276978e+01 -9.049332700670e-03
-4.057975769043e+01 1.409263629466e-02
-4.017607879639e+01 4.085475578904e-03
-3.977240371704e+01 -6.149983033538e-03
-3.936872482300e+01 -9.452652186155e-03
-3.896504974365e+01 3.820812329650e-03
-3.856137466431e+01 -7.412218488753e-03
-3.815769577026e+01 -2.845365321264e-03
-3.775402069092e+01 7.211692631245e-03
-3.735034179688e+01 -8.570428937674e-03
-3.694666671753e+01 -2.709548454732e-03
-3.654298782349e+01 -1.453872770071e-02
-3.613931274414e+01 -4.595350008458e-03
-3.573563766479e+01 5.645503289998e-03
-3.533195877075e+01 -4.533370025456e-03
-3.492828369141e+01 -6.621710024774e-03
-3.452460479736e+01 8.194376714528e-03
-3.412092971802e+01 -6.428805063479e-04
-3.371725082397e+01 2.291246550158e-03
-3.331357574463e+01 5.697260145098e-03
-3.290990066528e+01 6.894096732140e-03
-3.250622177124e+01 6.779370829463e-03
-3.210254669189e+01 3.751387353987e-03
-3.169886970520e+01 9.147509001195e-03
-3.129519271851e+01 -4.628642462194e-03
-3.089151573181e+01 -7.036679890007e-03
-3.048783874512e+01 -1.187523640692e-02
-3.008416175842e+01 -6.492939777672e-03
-2.968048667908e+01 9.001835249364e-03
-2.927680969238e+01 -1.105510909110e-02
-2.887313270569e+01 -1.098036114126e-02
-2.846945571899e+01 -1.826392835937e-03
-2.806577873230e+01 -1.899311996567e-06
-2.766210174561e+01 -4.975249525160e-03
-2.725842475891e+01 -5.480102845468e-04
-2.685474967957e+01 2.561502624303e-03
-2.645107269287e+01 -5.524362903088e-03
-2.604739570618e+01 -5.567945539951e-03
-2.564371871948e+01 -1.959333429113e-03
-2.524004173279e+01 2.695495262742e-03
-2.483636474609e+01 -4.768840502948e-03
-2.443268775940e+01 -3.942965995520e-03
-2.402901268005e+01 4.494090564549e-03
-2.362533569336e+01 7.599834934808e-04
-2.322165870667e+01 -4.723458085209e-03
-2.281798171997e+01 -5.388620775193e-03
-2.241430473328e+01 -1.625053212047e-02
-2.201062774658e+01 -4.266156349331e-03
-2.160695266724e+01 -8.820059709251e-03
-2.120327568054e+01 -9.443945251405e-03
-2.079959869385e+01 -1.221157144755e-02
-2.039592170715e+01 6.920513696969e-03
-1.999224472046e+01 -2.263397909701e-03
-1.958856773376e+01 -1.513891504146e-03
-1.918489074707e+01 -5.181734450161e-03
-1.878121566772e+01 -1.294897403568e-02
-1.837753868103e+01 -1.453524269164e-02
-1.797386169434e+01 -1.503559481353e-02
-1.757018470764e+01 -5.675515159965e-03
-1.716650772095e+01 2.748529892415e-03
-1.676283073425e+01 -6.800215691328e-03
-1.635915565491e+01 2.445068210363e-02
-1.595547771454e+01 -6.883420050144e-03
-1.555180168152e+01 -1.992808422074e-03
-1.514812469482e+01 9.202621877193e-03
-1.474444770813e+01 5.944544915110e-03
-1.434077167511e+01 4.006413801108e-04
-1.393709468842e+01 6.469951476902e-04
-1.353341770172e+01 1.604011049494e-05
-1.312974071503e+01 1.211224216968e-02
-1.272606468201e+01 1.712566940114e-03
-1.232238769531e+01 2.130189212039e-03
-1.191871070862e+01 -2.623109845445e-03
-1.151503467560e+01 -1.033552270383e-02
-1.111135768890e+01 3.962047398090e-03
-1.070768070221e+01 1.768144965172e-02
-1.030400466919e+01 -7.365207187831e-03
-9.900327682495e+00 -1.158805098385e-03
-9.496650695801e+00 7.498521357775e-03
-9.092973709106e+00 2.005761303008e-02
-8.689297676086e+00 1.036815997213e-02
-8.285620689392e+00 -1.027360092849e-02
-7.881944179535e+00 1.510797737865e-04
-7.478267192841e+00 -1.618777168915e-04
-7.074590682983e+00 9.415661916137e-03
-6.670914173126e+00 -3.119343426079e-03
-6.267237186432e+00 -4.639573860914e-03
-5.863560676575e+00 -5.931067862548e-04
-5.459883689880e+00 -1.045832294039e-03
-5.056207180023e+00 6.763251032680e-03
-4.652530670166e+00 9.574970230460e-03
-4.248853683472e+00 1.801960542798e-02
-3.845177173615e+00 1.841999590397e-02
-3.441500425339e+00 4.231477528811e-02
-3.037823677063e+00 1.337313801050e-01
-2.634146928787e+00 2.823794484138e-01
-2.230470180511e+00 4.833471477032e-01
-1.826793551445e+00 1.544139504433e+00
-1.423116922379e+00 3.018502712250e+00
-1.019440174103e+00 2.027722358704e+00
-6.157634854317e-01 1.628369092941e+00
-2.120867967606e-01 9.332537651062e-01
1.915898919106e-01 2.172135561705e-01
5.952665805817e-01 4.279409535229e-03
9.989432692528e-01 -1.123186107725e-02
1.402619957924e+00 9.856133256108e-04
1.806296706200e+00 -6.712674163282e-03
2.209973335266e+00 8.705189451575e-03
2.613650083542e+00 1.340135280043e-02
3.017326831818e+00 -4.708546679467e-03
3.421003580093e+00 -8.810037747025e-03
3.824680089951e+00 7.376011461020e-03
4.228356838226e+00 -3.182413347531e-04
4.632033348083e+00 1.739621045999e-03
5.035710334778e+00 1.192570663989e-02
5.439386844635e+00 4.984536208212e-03
5.843063831329e+00 -2.253655344248e-03
6.246740341187e+00 -1.475487835705e-02
6.650416851044e+00 -4.045199137181e-03
7.054093837738e+00 7.709708996117e-03
7.457770347595e+00 -5.781272891909e-03
7.861447334290e+00 2.834778511897e-03
8.265124320984e+00 -5.379687063396e-03
8.668800354004e+00 9.438130073249e-04
9.072477340698e+00 2.286870876560e-04
9.476154327393e+00 7.920872420073e-03
9.879830360413e+00 -1.103087794036e-02
1.028350734711e+01 -1.496908627450e-02
1.068718433380e+01 -1.007211767137e-02
1.109086036682e+01 -4.341635853052e-03
1.149453735352e+01 9.174048900604e-03
1.189821434021e+01 7.841563783586e-03
1.230189037323e+01 1.445963326842e-02
1.270556735992e+01 -3.848634893075e-03
1.310924434662e+01 -1.455999095924e-03
1.351292133331e+01 4.260641522706e-03
1.391659736633e+01 1.289981603622e-02
1.432027435303e+01 1.631854474545e-02
1.472395133972e+01 6.061563544790e-05
1.512762737274e+01 -5.644725169986e-03
1.553130435944e+01 -1.456231810153e-02
1.593498134613e+01 -9.295282885432e-03
1.633865737915e+01 -3.934896085411e-03
1.674233436584e+01 -8.534654974937e-03
1.714601135254e+01 4.925163462758e-03
1.754968833923e+01 6.023867055774e-03
1.795336532593e+01 5.803107284009e-03
1.835704040527e+01 3.392656100914e-03
1.876071739197e+01 1.518234377727e-03
1.916439437866e+01 2.146848477423e-03
1.956807136536e+01 -2.132935682312e-03
1.997174835205e+01 -1.101400610059e-02
2.037542533875e+01 8.098503574729e-03
2.077910232544e+01 2.001541852951e-02
2.118277740479e+01 -3.725234710146e-04
2.158645439148e+01 -2.323846518993e-02
2.199013137817e+01 8.349647978321e-04
2.239380836487e+01 2.167909173295e-03
2.279748535156e+01 3.485927125439e-03
2.320116233826e+01 5.497157573700e-03
2.360483741760e+01 -9.612791240215e-03
2.400851440430e+01 -1.842029765248e-02
2.441219139099e+01 -2.970383968204e-03
2.481586837769e+01 -2.634952543303e-03
2.521954536438e+01 -1.281167287380e-02
2.562322235107e+01 -3.024459350854e-03
2.602689933777e+01 -2.911252959166e-04
2.643057441711e+01 -1.522700674832e-02
2.683425140381e+01 1.545691397041e-02
2.723792839050e+01 -5.485529545695e-04
2.764160537720e+01 -3.414234146476e-03
2.804528236389e+01 6.437331321649e-04
2.844895935059e+01 -7.016930263489e-03
2.885263633728e+01 -6.521060713567e-04
2.925631141663e+01 -1.591602899134e-02
2.965998840332e+01 -1.844050735235e-02
3.006366539001e+01 3.117552958429e-03
3.046734237671e+01 -3.567180829123e-03

# ACA.HH114MMSSPW4.clean.image
-1.680486145020e+02 1.246751286089e-03
-1.676449279785e+02 -1.318616792560e-03
-1.672412567139e+02 -1.526245102286e-02
-1.668375854492e+02 8.295833133161e-03
-1.664338989258e+02 2.336510689929e-03
-1.660302276611e+02 6.720151752234e-03
-1.656265563965e+02 -1.069944165647e-02
-1.652228698730e+02 1.007198356092e-03
-1.648191986084e+02 6.786915007979e-03
-1.644155273438e+02 2.613504184410e-03
-1.640118408203e+02 1.746055856347e-02
-1.636081695557e+02 4.659077618271e-03
-1.632044982910e+02 4.862076137215e-03
-1.628008117676e+02 -1.127657387406e-02
-1.623971405029e+02 6.750473403372e-04
-1.619934692383e+02 -1.430046278983e-03
-1.615897827148e+02 -2.060396596789e-03
-1.611861114502e+02 -6.917140854057e-05
-1.607824249268e+02 2.792438317556e-04
-1.603787536621e+02 -4.704111721367e-03
-1.599750823975e+02 2.170071238652e-04
-1.595713958740e+02 6.784903816879e-03
-1.591677246094e+02 1.026876736432e-02
-1.587640533447e+02 5.766537040472e-03
-1.583603668213e+02 4.167763690930e-04
-1.579566955566e+02 -3.002145560458e-03
-1.575530242920e+02 -9.751908946782e-04
-1.571493377686e+02 -1.704895636067e-03
-1.567456665039e+02 8.202050230466e-04
-1.563419952393e+02 -1.672038808465e-02
-1.559383087158e+02 -3.411603858694e-03
-1.555346374512e+02 2.538444241509e-03
-1.551309661865e+02 3.332225605845e-03
-1.547272796631e+02 -4.799904767424e-03
-1.543236083984e+02 -6.322561763227e-03
-1.539199371338e+02 -1.468237955123e-03
-1.535162506104e+02 2.421871060506e-03
-1.531125793457e+02 5.468477960676e-03
-1.527089080811e+02 3.842723788694e-03
-1.523052215576e+02 -1.729199197143e-03
-1.519015502930e+02 -8.054786361754e-03
-1.514978790283e+02 4.718965385109e-03
-1.510941925049e+02 3.341057803482e-03
-1.506905212402e+02 -1.458198414184e-03
-1.502868347168e+02 -5.621806718409e-03
-1.498831634521e+02 1.695038634352e-03
-1.494794921875e+02 1.005655806512e-02
-1.490758056641e+02 -6.355806253850e-03
-1.486721343994e+02 -4.644036293030e-03
-1.482684631348e+02 -2.583897905424e-03
-1.478647766113e+02 -5.121815949678e-03
-1.474611053467e+02 1.086571719497e-02
-1.470574340820e+02 6.012404803187e-03
-1.466537475586e+02 -3.997144289315e-03
-1.462500762939e+02 -1.025176141411e-02
-1.458464050293e+02 7.558988872916e-03
-1.454427185059e+02 -1.662282622419e-03
-1.450390472412e+02 -1.978349027922e-04
-1.446353759766e+02 1.622814685106e-02
-1.442316894531e+02 2.057853154838e-03
-1.438280181885e+02 1.380161033012e-03
-1.434243469238e+02 4.354412201792e-03
-1.430206604004e+02 -2.880720654503e-03
-1.426169891357e+02 -8.711577393115e-03
-1.422133178711e+02 -4.416402429342e-03
-1.418096313477e+02 1.743558328599e-03
-1.414059600830e+02 4.728316329420e-03
-1.410022735596e+02 -2.109916880727e-03
-1.405986022949e+02 -1.666119880974e-02
-1.401949310303e+02 4.079401027411e-03
-1.397912445068e+02 7.916090078652e-03
-1.393875732422e+02 5.898769479245e-03
-1.389839019775e+02 2.786082448438e-03
-1.385802154541e+02 2.516664564610e-03
-1.381765441895e+02 3.939302638173e-03
-1.377728729248e+02 4.096033517271e-03
-1.373691864014e+02 1.710803247988e-03
-1.369655151367e+02 -9.802447631955e-03
-1.365618438721e+02 4.057789221406e-03
-1.361581573486e+02 2.216121414676e-03
-1.357544860840e+02 -1.171748246998e-02
-1.353508148193e+02 -1.871897466481e-02
-1.349471282959e+02 1.454594545066e-03
-1.345434570312e+02 8.593160659075e-03
-1.341397857666e+02 3.330867970362e-03
-1.337360992432e+02 5.989265446260e-06
-1.333324279785e+02 2.366646425799e-03
-1.329287567139e+02 9.846017695963e-03
-1.325250701904e+02 9.471406228840e-03
-1.321213989258e+02 -5.502794403583e-03
-1.317177276611e+02 -1.481356332079e-03
-1.313140411377e+02 -1.449940260500e-02
-1.309103698730e+02 -1.726729236543e-02
-1.305066833496e+02 -1.696424209513e-03
-1.301030120850e+02 -1.423015911132e-02
-1.296993408203e+02 -3.228573128581e-03
-1.292956542969e+02 -1.675890409388e-03
-1.288919830322e+02 -1.812299899757e-02
-1.284883117676e+02 -5.387505516410e-03
-1.280846252441e+02 -2.899374521803e-04
-1.276809539795e+02 -9.904801845551e-04
-1.272772750854e+02 -7.478153565899e-04
-1.268736038208e+02 -1.863003592007e-03
-1.264699249268e+02 -5.782605614513e-03
-1.260662460327e+02 -1.037046965212e-02
-1.256625747681e+02 1.283300295472e-02
-1.252588958740e+02 -1.063626725227e-02
-1.248552169800e+02 -1.389572024345e-02
-1.244515457153e+02 9.621549397707e-04
-1.240478668213e+02 2.250783873023e-04
-1.236441879272e+02 6.383914966136e-03
-1.232405090332e+02 -9.443701244891e-03
-1.228368377686e+02 -1.276094093919e-02
-1.224331588745e+02 8.580275811255e-03
-1.220294799805e+02 1.396535546519e-03
-1.216258087158e+02 8.060256019235e-03
-1.212221298218e+02 6.813506130129e-03
-1.208184509277e+02 -4.106180742383e-03
-1.204147796631e+02 -2.611826639622e-03
-1.200111007690e+02 1.196470460854e-03
-1.196074218750e+02 5.036693066359e-03
-1.192037506104e+02 1.170113310218e-02
-1.188000717163e+02 8.093303185888e-04
-1.183963928223e+02 9.106741053984e-04
-1.179927139282e+02 6.395939737558e-03
-1.175890426636e+02 8.536904118955e-03
-1.171853637695e+02 1.074702665210e-02
-1.167816848755e+02 9.370042011142e-03
-1.163780136108e+02 4.870040807873e-03
-1.159743347168e+02 -2.895730081946e-03
-1.155706558228e+02 1.608763076365e-02
-1.151669845581e+02 -1.439683255740e-04
-1.147633056641e+02 -1.067070942372e-02
-1.143596267700e+02 -6.703996099532e-03
-1.139559478760e+02 1.943554030731e-03
-1.135522766113e+02 5.450528115034e-04
-1.131485977173e+02 5.226038396358e-03
-1.127449188232e+02 -5.678909947164e-04
-1.123412475586e+02 -9.408652113052e-05
-1.119375686646e+02 -8.007800206542e-03
-1.115338897705e+02 5.219964776188e-03
-1.111302185059e+02 8.462208206765e-04
-1.107265396118e+02 7.092065177858e-03
-1.103228607178e+02 -1.260067336261e-02
-1.099191894531e+02 9.712704923004e-04
-1.095155105591e+02 -6.578286178410e-03
-1.091118316650e+02 1.945557259023e-02
-1.087081527710e+02 2.041611634195e-02
-1.083044815063e+02 6.976414937526e-03
-1.079008026123e+02 7.507502101362e-03
-1.074971237183e+02 -5.148698110133e-03
-1.070934524536e+02 -1.017190795392e-02
-1.066897735596e+02 3.761692903936e-03
-1.062860946655e+02 7.362774573267e-03
-1.058824234009e+02 -1.610139198601e-02
-1.054787445068e+02 -2.267003990710e-02
-1.050750656128e+02 -6.646641995758e-03
-1.046713943481e+02 1.391729246825e-02
-1.042677154541e+02 1.572639564984e-03
-1.038640365601e+02 3.312991699204e-03
-1.034603576660e+02 -2.987074731209e-05
-1.030566864014e+02 2.569259086158e-04
-1.026530075073e+02 -9.518580511212e-03
-1.022493286133e+02 -1.527371257544e-02
-1.018456573486e+02 3.051043953747e-03
-1.014419784546e+02 1.369160134345e-02
-1.010382995605e+02 -4.633556585759e-03
-1.006346282959e+02 -8.288906887174e-03
-1.002309494019e+02 2.830627840012e-03
-9.982727050781e+01 -4.908995237201e-03
-9.942359161377e+01 -2.812772756442e-03
-9.901992034912e+01 3.096818458289e-03
-9.861624145508e+01 1.167818717659e-02
-9.821256256104e+01 1.161889918149e-02
-9.780889129639e+01 -1.417699269950e-03
-9.740521240234e+01 -1.318851578981e-02
-9.700153350830e+01 -1.161770801991e-02
-9.659786224365e+01 -2.313734032214e-03
-9.619418334961e+01 1.942242495716e-02
-9.579050445557e+01 3.725375281647e-03
-9.538683319092e+01 6.566206458956e-03
-9.498315429688e+01 -4.146216961090e-04
-9.457947540283e+01 -5.524296313524e-03
-9.417579650879e+01 2.970121800900e-03
-9.377212524414e+01 -3.116829320788e-03
-9.336844635010e+01 -2.736606635153e-03
-9.296476745605e+01 -1.663625240326e-02
-9.256109619141e+01 9.083740413189e-03
-9.215741729736e+01 4.571326542646e-03
-9.175373840332e+01 1.199136953801e-02
-9.135006713867e+01 1.056555937976e-02
-9.094638824463e+01 6.268473342061e-03
-9.054270935059e+01 3.896161506418e-04
-9.013903808594e+01 2.511867322028e-02
-8.973535919189e+01 1.284721959382e-02
-8.933168029785e+01 7.874627597630e-03
-8.892800140381e+01 3.351856954396e-03
-8.852433013916e+01 5.459112115204e-03
-8.812065124512e+01 -8.867387659848e-04
-8.771697235107e+01 -4.647113848478e-03
-8.731330108643e+01 -1.063300576061e-02
-8.690962219238e+01 -2.244877396151e-03
-8.650594329834e+01 7.238058373332e-03
-8.610227203369e+01 6.121170241386e-03
-8.569859313965e+01 4.139808937907e-03
-8.529491424561e+01 -2.610301598907e-03
-8.489124298096e+01 3.541408805177e-03
-8.448756408691e+01 -1.094526727684e-03
-8.408388519287e+01 8.030910976231e-03
-8.368020629883e+01 5.211177747697e-03
-8.327653503418e+01 9.919530712068e-03
-8.287285614014e+01 5.841856822371e-03
-8.246917724609e+01 1.041534123942e-03
-8.206550598145e+01 -7.495397701859e-03
-8.166182708740e+01 6.044301204383e-03
-8.125814819336e+01 6.455687340349e-03
-8.085447692871e+01 9.534782730043e-03
-8.045079803467e+01 6.096448050812e-04
-8.004711914062e+01 -1.079570408911e-02
-7.964344024658e+01 -8.150557987392e-03
-7.923976898193e+01 7.406039163470e-03
-7.883609008789e+01 3.367803525180e-03
-7.843241119385e+01 -1.366851292551e-02
-7.802873992920e+01 -4.189883358777e-03
-7.762506103516e+01 -3.429184667766e-03
-7.722138214111e+01 2.640603668988e-02
-7.681771087646e+01 1.910761743784e-02
-7.641403198242e+01 1.827116310596e-02
-7.601035308838e+01 4.805867560208e-03
-7.560668182373e+01 -1.761186867952e-03
-7.520300292969e+01 -6.145051680505e-03
-7.479932403564e+01 -2.535674721003e-03
-7.439564514160e+01 -3.198857419193e-03
-7.399197387695e+01 -6.030588876456e-03
-7.358829498291e+01 1.443537976593e-02
-7.318461608887e+01 7.779271807522e-03
-7.278094482422e+01 -7.813983596861e-03
-7.237726593018e+01 1.382523961365e-02
-7.197358703613e+01 -4.542585462332e-03
-7.156991577148e+01 -3.333451924846e-03
-7.116623687744e+01 4.592423792928e-03
-7.076255798340e+01 5.836289376020e-03
-7.035888671875e+01 -2.189288381487e-03
-6.995520782471e+01 -1.018141582608e-02
-6.955152893066e+01 7.188285235316e-03
-6.914785003662e+01 1.077626273036e-02
-6.874417877197e+01 1.191282062791e-03
-6.834049987793e+01 1.074736844748e-02
-6.793682098389e+01 -4.726015031338e-03
-6.753314971924e+01 2.534425351769e-03
-6.712947082520e+01 3.071563784033e-03
-6.672579193115e+01 -7.140024099499e-03
-6.632212066650e+01 3.365654964000e-03
-6.591844177246e+01 2.276092953980e-02
-6.551476287842e+01 2.861076034606e-02
-6.511108398438e+01 4.128771368414e-03
-6.470741271973e+01 3.014526795596e-03
-6.430373382568e+01 1.210006326437e-02
-6.390005874634e+01 3.315224545076e-03
-6.349637985229e+01 -7.198131643236e-03
-6.309270477295e+01 1.971574733034e-03
-6.268902969360e+01 -1.018931996077e-02
-6.228535079956e+01 -1.798640377820e-02
-6.188167572021e+01 6.460298900492e-04
-6.147799682617e+01 2.344168722630e-03
-6.107432174683e+01 1.253132650163e-04
-6.067064666748e+01 -3.025972051546e-03
-6.026696777344e+01 9.278831072152e-03
-5.986329269409e+01 -5.269665736705e-03
-5.945961761475e+01 5.854166112840e-03
-5.905593872070e+01 1.963210292161e-03
-5.865226364136e+01 1.192408893257e-02
-5.824858474731e+01 1.098792254925e-02
-5.784490966797e+01 3.060805029236e-04
-5.744123458862e+01 1.398625317961e-02
-5.703755569458e+01 -1.117871433962e-04
-5.663388061523e+01 -5.475170444697e-03
-5.623020172119e+01 5.738036707044e-03
-5.582652664185e+01 1.050479989499e-02
-5.542285156250e+01 1.035426091403e-02
-5.501917266846e+01 4.980794154108e-03
-5.461549758911e+01 4.001733381301e-03
-5.421182250977e+01 3.476613201201e-03
-5.380814361572e+01 -1.839135773480e-02
-5.340446853638e+01 1.795044750907e-03
-5.300078964233e+01 1.626936346292e-02
-5.259711456299e+01 1.183979772031e-02
-5.219343948364e+01 -1.030390057713e-02
-5.178976058960e+01 -1.292873639613e-02
-5.138608551025e+01 -1.793482340872e-03
-5.098240661621e+01 -1.851249602623e-03
-5.057873153687e+01 -7.268780842423e-03
-5.017505645752e+01 -7.651182357222e-03
-4.977137756348e+01 -1.018916908652e-02
-4.936770248413e+01 2.628643997014e-03
-4.896402359009e+01 3.371574450284e-03
-4.856034851074e+01 -2.916250145063e-03
-4.815667343140e+01 5.370162893087e-03
-4.775299453735e+01 5.060192197561e-03
-4.734931945801e+01 7.879804819822e-03
-4.694564437866e+01 2.951357455458e-04
-4.654196548462e+01 -1.009522657841e-02
-4.613829040527e+01 -6.819813977927e-03
-4.573461151123e+01 -1.286109257489e-02
-4.533093643188e+01 -6.058755097911e-04
-4.492726135254e+01 -2.020267536864e-03
-4.452358245850e+01 -2.852279925719e-03
-4.411990737915e+01 -1.652664155699e-03
-4.371622848511e+01 4.777453374118e-03
-4.331255340576e+01 2.088634064421e-03
-4.290887832642e+01 -4.885538015515e-03
-4.250519943237e+01 -7.864503189921e-03
-4.210152435303e+01 4.212227649987e-03
-4.169784545898e+01 -1.088207587600e-02
-4.129417037964e+01 3.121298039332e-03
-4.089049530029e+01 1.527047809213e-02
-4.048681640625e+01 -2.931314986199e-03
-4.008314132690e+01 -7.795332465321e-03
-3.967946624756e+01 -5.924237426370e-03
-3.927578735352e+01 -8.251669351012e-04
-3.887211227417e+01 1.704074791633e-03
-3.846843338013e+01 6.355565972626e-03
-3.806475830078e+01 -2.390955341980e-03
-3.766108322144e+01 2.624090993777e-03
-3.725740432739e+01 -1.183440070599e-02
-3.685372924805e+01 -8.497213013470e-03
-3.645005035400e+01 1.344620995224e-02
-3.604637527466e+01 1.506826095283e-02
-3.564270019531e+01 6.891491822898e-03
-3.523902130127e+01 6.980809383094e-03
-3.483534622192e+01 5.902050994337e-03
-3.443166732788e+01 1.259548007511e-03
-3.402799224854e+01 1.790046226233e-03
-3.362431716919e+01 1.481565274298e-02
-3.322063827515e+01 4.043920431286e-03
-3.281696319580e+01 -2.237751381472e-03
-3.241328811646e+01 -2.770684193820e-03
-3.200960922241e+01 1.953589497134e-03
-3.160593414307e+01 -1.707952702418e-03
-3.120225715637e+01 -2.571023302153e-03
-3.079858016968e+01 -4.474190529436e-03
-3.039490318298e+01 -3.505629487336e-03
-2.999122619629e+01 4.854734987020e-03
-2.958755111694e+01 -5.528349895030e-03
-2.918387413025e+01 8.994444273412e-03
-2.878019714355e+01 1.787948422134e-03
-2.837652015686e+01 1.107301656157e-02
-2.797284507751e+01 -6.054702316760e-05
-2.756916809082e+01 -1.673344708979e-02
-2.716549110413e+01 -7.626706734300e-03
-2.676181411743e+01 -5.056701134890e-03
-2.635813713074e+01 1.750454679132e-02
-2.595446205139e+01 1.820905948989e-03
-2.555078506470e+01 -4.543639253825e-03
-2.514710807800e+01 -9.937626309693e-03
-2.474343109131e+01 -4.949085996486e-05
-2.433975601196e+01 -5.362346768379e-03
-2.393607902527e+01 1.768031157553e-03
-2.353240203857e+01 2.340778009966e-03
-2.312872505188e+01 8.646961068735e-04
-2.272504806519e+01 9.861643426120e-03
-2.232137298584e+01 -6.116845645010e-03
-2.191769599915e+01 -5.534932017326e-03
-2.151401901245e+01 5.400450900197e-03
-2.111034202576e+01 5.152641329914e-03
-2.070666694641e+01 -3.593161236495e-03
-2.030298995972e+01 6.836791522801e-03
-1.989931297302e+01 8.767629042268e-04
-1.949563598633e+01 -6.371736526489e-03
-1.909195899963e+01 -4.630532581359e-03
-1.868828392029e+01 -8.919656276703e-03
-1.828460693359e+01 -6.411743815988e-03
-1.788092994690e+01 -2.312808996066e-03
-1.747725296021e+01 4.144899081439e-03
-1.707357788086e+01 4.497029818594e-03
-1.666990089417e+01 1.802669279277e-02
-1.626622390747e+01 4.967812448740e-03
-1.586254787445e+01 -4.776544403285e-03
-1.545887088776e+01 -1.429439615458e-02
-1.505519390106e+01 1.318902242929e-03
-1.465151786804e+01 -3.579044248909e-03
-1.424784088135e+01 8.220081217587e-03
-1.384416484833e+01 2.251816214994e-03
-1.344048786163e+01 -4.375582095236e-03
-1.303681182861e+01 9.905457496643e-03
-1.263313484192e+01 -1.576081616804e-03
-1.222945880890e+01 1.684299483895e-02
-1.182578182220e+01 -4.791581537575e-03
-1.142210483551e+01 -5.490873940289e-03
-1.101842880249e+01 -9.818314574659e-03
-1.061475181580e+01 6.744862184860e-04
-1.021107578278e+01 3.870055777952e-03
-9.807398796082e+00 6.788256112486e-03
-9.403722763062e+00 -8.253784850240e-03
-9.000045776367e+00 -1.506315195002e-03
-8.596369743347e+00 -2.636498073116e-03
-8.192692756653e+00 -2.278739411850e-04
-7.789016246796e+00 -8.236499503255e-03
-7.385339736938e+00 -1.697959750891e-02
-6.981663227081e+00 -7.014208240435e-04
-6.577986717224e+00 -4.892289172858e-03
-6.174309730530e+00 -3.312535816804e-03
-5.770633220673e+00 7.062435615808e-03
-5.366956710815e+00 -1.920771668665e-03
-4.963280200958e+00 3.951408434659e-03
-4.559603691101e+00 -9.377996437252e-03
-4.155927181244e+00 -2.096478128806e-03
-3.752250671387e+00 1.309864223003e-02
-3.348574161530e+00 6.307490170002e-02
-2.944897413254e+00 1.854220777750e-01
-2.541220903397e+00 3.164211511612e-01
-2.137544393539e+00 6.255612373352e-01
-1.733867764473e+00 2.017262220383e+00
-1.330191254616e+00 3.220662593842e+00
-9.265146851540e-01 2.229529857635e+00
-5.228381156921e-01 1.970052480698e+00
-1.191615611315e-01 8.558666110039e-01
2.845149934292e-01 1.804246455431e-01
6.881915330887e-01 1.790686324239e-02
1.091868162155e+00 1.796582713723e-02
1.495544672012e+00 9.492668323219e-03
1.899221181870e+00 -5.086236167699e-03
2.302897691727e+00 -9.631855413318e-03
2.706574440002e+00 1.750655588694e-03
3.110250949860e+00 1.421002764255e-02
3.513927459717e+00 9.168617427349e-03
3.917603969574e+00 -7.745357230306e-03
4.321280479431e+00 -9.023943915963e-03
4.724956989288e+00 -2.806181320921e-03
5.128633499146e+00 -3.706689924002e-03
5.532310485840e+00 -7.385943550617e-03
5.935986995697e+00 5.492146592587e-03
6.339663505554e+00 1.236776239239e-03
6.743340015411e+00 3.894561668858e-04
7.147016525269e+00 -1.878066337667e-03
7.550693035126e+00 -8.902494795620e-03
7.954369544983e+00 -9.927405044436e-04
8.358046531677e+00 -3.691751509905e-03
8.761722564697e+00 -1.165708876215e-03
9.165399551392e+00 2.296608407050e-03
9.569075584412e+00 -8.507072925568e-03
9.972752571106e+00 -3.467088099569e-03
1.037642860413e+01 -1.490499242209e-03
1.078010559082e+01 -4.021006170660e-03
1.118378257751e+01 1.895107701421e-02
1.158745861053e+01 5.651063838741e-05
1.199113559723e+01 8.075456134975e-03
1.239481163025e+01 7.625046651810e-03
1.279848861694e+01 6.268945056945e-03
1.320216464996e+01 -4.749190527946e-03
1.360584163666e+01 1.032685395330e-02
1.400951766968e+01 1.102904789150e-02
1.441319465637e+01 -3.248195571359e-05
1.481687068939e+01 7.628560415469e-04
1.522054767609e+01 -3.530421992764e-03
1.562422466278e+01 -2.562316833064e-03
1.602790069580e+01 -6.604820955545e-03
1.643157768250e+01 4.813906736672e-03
1.683525466919e+01 -2.495722612366e-03
1.723892974854e+01 3.370877355337e-03
1.764260673523e+01 7.837799377739e-03
1.804628372192e+01 -1.374917197973e-02
1.844996070862e+01 -3.649920225143e-03
1.885363769531e+01 8.496996015310e-03
1.925731277466e+01 1.021797861904e-02
1.966098976135e+01 2.456909744069e-03
2.006466674805e+01 1.908650156111e-03
2.046834373474e+01 -9.031169116497e-03
2.087201881409e+01 -3.526436630636e-03
2.127569580078e+01 -5.459083244205e-03
2.167937278748e+01 -5.697994492948e-03
2.208304977417e+01 -6.726575549692e-03
2.248672485352e+01 -1.105340663344e-03
2.289040184021e+01 -6.940940394998e-03
2.329407882690e+01 -1.356866024435e-02
2.369775581360e+01 2.608129871078e-04
