#title: Spectral profile - ACA.HH114MMSSPW5.clean.image
#region (world): Ellipse[[05:18:18.099, +07d10m28.599], [05:18:14.739, +07d11m18.599]]
#region (pixel): Ellipse[[104, 74], [154, 124]]
#coordinate: world
#xLabel: frequency [GHz]
#yLabel: [Jy/beam] Mean

# BLC.HH114MMSSPW5.clean.image-raster
9.098998260498e+01 2.700761891901e-03
9.098986053467e+01 -9.701121598482e-03
9.098973846436e+01 -1.661433652043e-02
9.098961639404e+01 -6.178669165820e-03
9.098949432373e+01 1.154122687876e-02
9.098937225342e+01 -6.148604676127e-03
9.098925018311e+01 -2.040569670498e-02
9.098912811279e+01 8.473832160234e-03
9.098900604248e+01 2.237997390330e-02
9.098888397217e+01 9.512566030025e-03
9.098876190186e+01 2.450638217852e-03
9.098863983154e+01 -3.795135766268e-03
9.098851776123e+01 1.703436672688e-02
9.098839569092e+01 -1.354868523777e-02
9.098827362061e+01 -1.544043049216e-02
9.098815155029e+01 4.967025481164e-03
9.098802947998e+01 7.564945146441e-03
9.098790740967e+01 1.298518385738e-02
9.098778533936e+01 5.130589939654e-03
9.098766326904e+01 6.330797914416e-03
9.098754119873e+01 1.085427962244e-02
9.098741912842e+01 1.423614658415e-02
9.098729705811e+01 -9.557251818478e-03
9.098717498779e+01 -2.178492140956e-04
9.098705291748e+01 -1.001259498298e-02
9.098693084717e+01 9.832098148763e-03
9.098680877686e+01 2.427457459271e-02
9.098668670654e+01 1.908145472407e-02
9.098656463623e+01 3.667079145089e-03
9.098644256592e+01 -1.574643072672e-03
9.098632049561e+01 1.086601801217e-02
9.098619842529e+01 -6.738260388374e-03
9.098607635498e+01 -1.673444057815e-03
9.098595428467e+01 1.299349963665e-02
9.098583221436e+01 5.046150181442e-03
9.098571014404e+01 1.575316675007e-02
9.098558807373e+01 1.033119019121e-02
9.098546600342e+01 -3.918462432921e-03
9.098534393311e+01 -5.474447272718e-03
9.098522186279e+01 -1.012076064944e-02
9.098509979248e+01 -1.009875163436e-02
9.098497772217e+01 -2.447706833482e-02
9.098485565186e+01 1.137333456427e-03
9.098473358154e+01 6.447398569435e-03
9.098461151123e+01 -4.988940432668e-03
9.098448944092e+01 -7.798235863447e-03
9.098436737061e+01 -9.344971738756e-03
9.098424530029e+01 -6.107360124588e-03
9.098412322998e+01 7.827703375369e-04
9.098400115967e+01 -1.810788991861e-03
9.098387908936e+01 3.234905423597e-03
9.098375701904e+01 1.441961992532e-02
9.098363494873e+01 4.146046005189e-03
9.098351287842e+01 8.157781325281e-03
9.098339080811e+01 1.990283839405e-03
9.098326873779e+01 1.812089420855e-02
9.098314666748e+01 1.074640080333e-02
9.098302459717e+01 -8.441558107734e-03
9.098290252686e+01 -9.836868382990e-03
9.098278045654e+01 1.079772133380e-03
9.098265838623e+01 1.569985412061e-02
9.098253631592e+01 1.558277406730e-03
9.098241424561e+01 5.532150156796e-03
9.098229217529e+01 -1.709283702075e-02
9.098217010498e+01 5.595053662546e-04
9.098204803467e+01 2.408127672970e-02
9.098192596436e+01 6.363063002937e-04
9.098180389404e+01 4.730112850666e-03
9.098168182373e+01 -9.090707637370e-03
9.098155975342e+01 -2.148355590180e-03
9.098143768311e+01 -7.245068904012e-03
9.098131561279e+01 5.327513441443e-03
9.098119354248e+01 9.406141936779e-03
9.098107147217e+01 -4.040957428515e-03
9.098094940186e+01 -5.527687724680e-03
9.098082733154e+01 2.046466572210e-03
9.098070526123e+01 5.484277848154e-03
9.098058319092e+01 -6.207386031747e-03
9.098046112061e+01 -2.962820697576e-03
9.098033905029e+01 7.334862370044e-03
9.098021697998e+01 -6.022493820637e-03
9.098009490967e+01 7.348839426413e-04
9.097997283936e+01 -2.390213310719e-03
9.097985076904e+01 1.577257923782e-02
9.097972869873e+01 6.513077765703e-02
9.097960662842e+01 2.997200489044e-01
9.097948455811e+01 1.026201963425e+00
9.097936248779e+01 1.310662865639e+00
9.097924041748e+01 5.435988306999e-01
9.097911834717e+01 1.753313839436e-01
9.097899627686e+01 6.094764918089e-02
9.097887420654e+01 5.932138767093e-03
9.097875213623e+01 8.861622773111e-03
9.097863006592e+01 5.039942450821e-03
9.097850799561e+01 1.854525879025e-02
9.097838592529e+01 1.731273136102e-03
9.097826385498e+01 1.305683515966e-02
9.097814178467e+01 -4.709176253527e-03
9.097801971436e+01 6.402939558029e-03
9.097789764404e+01 6.478845607489e-03
9.097777557373e+01 -7.494997233152e-03
9.097765350342e+01 -4.637093748897e-03
9.097753143311e+01 1.809826237150e-03
9.097740936279e+01 1.779708825052e-02
9.097728729248e+01 -8.137593977153e-03
9.097716522217e+01 1.555816968903e-03
9.097704315186e+01 8.752118796110e-03
9.097692108154e+01 -6.430062931031e-03
9.097679901123e+01 4.174333007541e-04
9.097667694092e+01 -2.444620244205e-03
9.097655487061e+01 -2.056412398815e-03
9.097643280029e+01 1.149906963110e-02
9.097631072998e+01 1.670835912228e-02
9.097618865967e+01 8.233852684498e-03
9.097606658936e+01 -7.231612107717e-04
9.097594451904e+01 -2.940176753327e-03
9.097582244873e+01 8.451234549284e-03
9.097570037842e+01 -8.291883394122e-03
9.097557830811e+01 4.217524547130e-03
9.097545623779e+01 1.668736152351e-02
9.097533416748e+01 1.671224273741e-02
9.097521209717e+01 -5.364420940168e-04
9.097509002686e+01 -3.014652058482e-03
9.097496795654e+01 4.388865549117e-03
9.097484588623e+01 -4.891104530543e-03
9.097472381592e+01 -2.477198606357e-03
9.097460174561e+01 -4.183258395642e-03
9.097447967529e+01 2.086211927235e-03
9.097435760498e+01 2.867681533098e-02
9.097423553467e+01 2.827077405527e-03
9.097411346436e+01 -3.991261590272e-03
9.097399139404e+01 3.032020758837e-03
9.097386932373e+01 9.024373255670e-03
9.097374725342e+01 7.225315086544e-03
9.097362518311e+01 1.426840014756e-02
9.097350311279e+01 1.235730201006e-02
9.097338104248e+01 -3.744036192074e-03
9.097325897217e+01 -8.111353963614e-03
9.097313690186e+01 6.511370185763e-03
9.097301483154e+01 3.410200821236e-03
9.097289276123e+01 -5.708215758204e-04
9.097277069092e+01 2.396240131930e-03
9.097264862061e+01 6.086178589612e-03
9.097252655029e+01 2.103111147881e-02
9.097240447998e+01 8.724094368517e-03
9.097228240967e+01 7.155172992498e-03
9.097216033936e+01 1.090502366424e-02
9.097203826904e+01 2.286233194172e-02
9.097191619873e+01 6.328159477562e-03
9.097179412842e+01 1.096663437784e-02
9.097167205811e+01 9.664382785559e-03
9.097154998779e+01 1.402236521244e-02
9.097142791748e+01 1.466701645404e-02
9.097130584717e+01 -4.905025474727e-03
9.097118377686e+01 -1.031805854291e-02
9.097106170654e+01 3.738954546861e-04
9.097093963623e+01 3.174173645675e-03
9.097081756592e+01 1.191297825426e-02
9.097069549561e+01 7.113117724657e-03
9.097057342529e+01 3.486589761451e-03
9.097045135498e+01 1.241713762283e-02
9.097032928467e+01 5.645697936416e-03
9.097020721436e+01 2.489643357694e-02
9.097008514404e+01 -4.091694019735e-03

# ACA.HH114MMSSPW5.clean.image
9.098992156982e+01 -1.136912312359e-02
9.098979949951e+01 -3.303671954200e-03
9.098967742920e+01 -2.085780026391e-03
9.098955535889e+01 -1.605458208360e-03
9.098943328857e+01 -9.040748118423e-04
9.098931121826e+01 1.292506116442e-03
9.098918914795e+01 4.695136565715e-03
9.098906707764e+01 8.434370160103e-03
9.098894500732e+01 1.680657826364e-02
9.098882293701e+01 1.476216968149e-02
9.098870086670e+01 1.053251326084e-02
9.098857879639e+01 2.000190317631e-03
9.098845672607e+01 9.067507460713e-03
9.098833465576e+01 1.046874281019e-02
9.098821258545e+01 5.723790265620e-03
9.098809051514e+01 3.494328353554e-03
9.098796844482e+01 -3.293953370303e-03
9.098784637451e+01 6.408521905541e-03
9.098772430420e+01 1.890182867646e-02
9.098760223389e+01 2.643867954612e-02
9.098748016357e+01 1.485821697861e-02
9.098735809326e+01 2.013522572815e-02
9.098723602295e+01 8.652761462145e-04
9.098711395264e+01 -1.218806486577e-03
9.098699188232e+01 2.447156468406e-03
9.098686981201e+01 -9.797031059861e-03
9.098674774170e+01 -1.292043644935e-02
9.098662567139e+01 -4.206669051200e-03
9.098650360107e+01 1.692854426801e-02
9.098638153076e+01 1.124318968505e-02
9.098625946045e+01 1.204979419708e-02
9.098613739014e+01 2.813775558025e-03
9.098601531982e+01 5.654196720570e-04
9.098589324951e+01 -6.095483899117e-03
9.098577117920e+01 8.676014840603e-04
9.098564910889e+01 -9.167911484838e-03
9.098552703857e+01 2.247698837891e-03
9.098540496826e+01 2.641818136908e-04
9.098528289795e+01 -1.553162652999e-02
9.098516082764e+01 2.535440260544e-03
9.098503875732e+01 6.104495259933e-04
9.098491668701e+01 -7.631932850927e-03
9.098479461670e+01 -4.720882978290e-03
9.098467254639e+01 5.187310278416e-03
9.098455047607e+01 8.769880980253e-03
9.098442840576e+01 -2.920501632616e-03
9.098430633545e+01 2.064814725600e-05
9.098418426514e+01 4.116994328797e-03
9.098406219482e+01 -7.655362598598e-03
9.098394012451e+01 1.737515442073e-03
9.098381805420e+01 -4.908142727800e-04
9.098369598389e+01 -4.596437327564e-03
9.098357391357e+01 5.558321718127e-03
9.098345184326e+01 -5.890405736864e-03
9.098332977295e+01 -8.556216955185e-03
9.098320770264e+01 -3.163095796481e-03
9.098308563232e+01 -1.656911894679e-02
9.098296356201e+01 4.431151319295e-03
9.098284149170e+01 2.238498535007e-03
9.098271942139e+01 1.313431467861e-02
9.098259735107e+01 1.979249762371e-03
9.098247528076e+01 -1.009190082550e-02
9.098235321045e+01 -2.160299482057e-04
9.098223114014e+01 -1.321629271843e-03
9.098210906982e+01 9.529149392620e-04
9.098198699951e+01 -4.718901123852e-03
9.098186492920e+01 4.707568790764e-03
9.098174285889e+01 1.437806431204e-02
9.098162078857e+01 7.268720073625e-04
9.098149871826e+01 -4.952098825015e-04
9.098137664795e+01 -8.332898840308e-03
9.098125457764e+01 -1.519048400223e-02
9.098113250732e+01 -1.591372862458e-02
9.098101043701e+01 -3.214780008420e-03
9.098088836670e+01 -7.157539948821e-03
9.098076629639e+01 -2.110821381211e-02
9.098064422607e+01 -2.176222577691e-02
9.098052215576e+01 -1.218232885003e-02
9.098040008545e+01 4.169479943812e-03
9.098027801514e+01 -8.861234411597e-03
9.098015594482e+01 2.682693302631e-03
9.098003387451e+01 -4.978506825864e-03
9.097991180420e+01 1.215836312622e-02
9.097978973389e+01 4.243167489767e-02
9.097966766357e+01 1.179209724069e-01
9.097954559326e+01 5.723126530647e-01
9.097942352295e+01 1.316738486290e+00
9.097930145264e+01 1.043219685555e+00
9.097917938232e+01 3.081058263779e-01
9.097905731201e+01 1.009229868650e-01
9.097893524170e+01 1.754493452609e-02
9.097881317139e+01 1.240413822234e-02
9.097869110107e+01 -4.224257543683e-03
9.097856903076e+01 3.374015446752e-03
9.097844696045e+01 1.413679122925e-02
9.097832489014e+01 -3.156696446240e-03
9.097820281982e+01 -6.125622428954e-03
9.097808074951e+01 1.754828169942e-02
9.097795867920e+01 1.945859938860e-02
9.097783660889e+01 2.072651125491e-02
9.097771453857e+01 -2.220264635980e-03
9.097759246826e+01 -1.512849936262e-03
9.097747039795e+01 5.578337702900e-03
9.097734832764e+01 1.633068360388e-02
9.097722625732e+01 -5.658299778588e-04
9.097710418701e+01 -1.513543445617e-02
9.097698211670e+01 -5.808407906443e-03
9.097686004639e+01 -1.120606670156e-03
9.097673797607e+01 1.558469841257e-03
9.097661590576e+01 -2.036689408123e-02
9.097649383545e+01 -1.476839417592e-03
9.097637176514e+01 2.881047315896e-03
9.097624969482e+01 -7.781566819176e-04
9.097612762451e+01 1.896033249795e-02
9.097600555420e+01 6.639848463237e-03
9.097588348389e+01 -1.113758701831e-02
9.097576141357e+01 -2.278258791193e-03
9.097563934326e+01 -5.332600325346e-03
9.097551727295e+01 -4.616469144821e-03
9.097539520264e+01 -1.096172840334e-03
9.097527313232e+01 -5.625893827528e-03
9.097515106201e+01 3.461712971330e-03
9.097502899170e+01 4.691821057349e-03
9.097490692139e+01 -1.027837488800e-02
9.097478485107e+01 2.231422404293e-04
9.097466278076e+01 3.633928485215e-03
9.097454071045e+01 1.534731872380e-02
9.097441864014e+01 1.125398185104e-02
9.097429656982e+01 2.750067738816e-03
9.097417449951e+01 2.807203272823e-04
9.097405242920e+01 -1.947386004031e-02
9.097393035889e+01 -7.218593265861e-03
9.097380828857e+01 1.873543835245e-03
9.097368621826e+01 6.193788140081e-04
9.097356414795e+01 2.420902065933e-02
9.097344207764e+01 3.549045417458e-03
9.097332000732e+01 3.132167912554e-04
9.097319793701e+01 -1.215823646635e-02
9.097307586670e+01 -1.190249715000e-02
9.097295379639e+01 -3.566885832697e-03
9.097283172607e+01 -6.659030448645e-03
9.097270965576e+01 -8.699263446033e-03
9.097258758545e+01 -1.360056456178e-02
9.097246551514e+01 1.687879790552e-03
9.097234344482e+01 1.689240522683e-02
9.097222137451e+01 9.489645250142e-03
9.097209930420e+01 4.718201525975e-04
9.097197723389e+01 -3.156578401104e-03
9.097185516357e+01 5.767083726823e-03
9.097173309326e+01 2.240281552076e-03
9.097161102295e+01 1.554076001048e-02
9.097148895264e+01 6.264202762395e-03
9.097136688232e+01 1.533372420818e-02
9.097124481201e+01 6.160869263113e-03
9.097112274170e+01 5.302477627993e-03
9.097100067139e+01 9.289570152760e-03
9.097087860107e+01 9.248126298189e-03
9.097075653076e+01 1.105156913400e-02
9.097063446045e+01 1.782621955499e-03
9.097051239014e+01 1.311950944364e-02
9.097039031982e+01 -9.270994924009e-03
9.097026824951e+01 -1.723184064031e-02
9.097014617920e+01 1.739692990668e-03
9.097002410889e+01 6.457298994064e-03