#title: Spectral profile - ACA.HH114MMSSPW5.clean.image
#region (world): Ellipse[[05:18:18.099, +07d10m28.599], [05:18:14.739, +07d11m18.599]]
#region (pixel): Ellipse[[104, 74], [154, 124]]
#coordinate: world
#xLabel: radio velocity [km/s]
#yLabel: [Jy/beam] Mean

# BLC.HH114MMSSPW5.clean.image-raster
-8.560663604736e+01 -3.731740871444e-03
-8.520436096191e+01 -2.583111077547e-02
-8.480208587646e+01 -6.656510289758e-03
-8.439980316162e+01 -2.290824428201e-02
-8.399752807617e+01 -6.330286152661e-03
-8.359525299072e+01 4.442610777915e-03
-8.319297790527e+01 1.754892757162e-03
-8.279069519043e+01 5.829487927258e-03
-8.238842010498e+01 1.373342983425e-02
-8.198614501953e+01 2.753781154752e-02
-8.158386993408e+01 2.940724371001e-03
-8.118158721924e+01 3.429712960497e-03
-8.077931213379e+01 3.134236903861e-03
-8.037703704834e+01 1.138353068382e-02
-7.997476196289e+01 2.064058370888e-02
-7.957247924805e+01 1.187286106870e-03
-7.917020416260e+01 1.717836409807e-02
-7.876792907715e+01 -5.711137782782e-03
-7.836565399170e+01 1.025882922113e-02
-7.796337127686e+01 -6.502264179289e-03
-7.756109619141e+01 -2.841688401531e-04
-7.715882110596e+01 -3.349140053615e-03
-7.675654602051e+01 8.737233467400e-03
-7.635426330566e+01 4.356429446489e-03
-7.595198822021e+01 7.025372236967e-03
-7.554971313477e+01 -1.787699642591e-03
-7.514743804932e+01 1.355356071144e-02
-7.474515533447e+01 5.766585469246e-03
-7.434288024902e+01 1.309728622437e-02
-7.394060516357e+01 2.758163027465e-02
-7.353833007812e+01 1.170897041447e-03
-7.313604736328e+01 -4.796846304089e-03
-7.273377227783e+01 4.776553716511e-03
-7.233149719238e+01 1.787509769201e-02
-7.192921447754e+01 -1.055561099201e-02
-7.152693939209e+01 -1.307475566864e-02
-7.112466430664e+01 1.130041573197e-02
-7.072238922119e+01 4.972794558853e-03
-7.032010650635e+01 1.011585071683e-02
-6.991783142090e+01 7.642098702490e-03
-6.951555633545e+01 -6.027721799910e-03
-6.911328125000e+01 5.647593177855e-03
-6.871099853516e+01 -7.203612010926e-03
-6.830872344971e+01 -2.898837905377e-03
-6.790644836426e+01 2.126324689016e-03
-6.750417327881e+01 -2.090199617669e-03
-6.710189056396e+01 1.304518710822e-02
-6.669961547852e+01 7.352471351624e-03
-6.629734039307e+01 -7.057280745357e-04
-6.589506530762e+01 4.875870887190e-03
-6.549278259277e+01 5.441254470497e-03
-6.509050750732e+01 -1.408162293956e-03
-6.468823242188e+01 -6.093824747950e-03
-6.428595733643e+01 -1.869681873359e-04
-6.388367843628e+01 -6.862858776003e-03
-6.348139953613e+01 -1.167124020867e-03
-6.307912445068e+01 -6.530030630529e-03
-6.267684555054e+01 1.816478325054e-03
-6.227457046509e+01 -1.514980290085e-02
-6.187229156494e+01 -1.513403607532e-03
-6.147001647949e+01 -2.571151219308e-02
-6.106773757935e+01 -1.557808928192e-02
-6.066546249390e+01 -1.082341745496e-02
-6.026318359375e+01 -8.901116438210e-03
-5.986090850830e+01 4.717899486423e-03
-5.945862960815e+01 6.503561045974e-03
-5.905635452271e+01 -4.752299573738e-04
-5.865407562256e+01 -7.017503376119e-04
-5.825180053711e+01 1.815573778003e-03
-5.784952163696e+01 1.798602379858e-02
-5.744724655151e+01 6.402684841305e-03
-5.704496765137e+01 -1.011113170534e-02
-5.664269256592e+01 5.588504020125e-03
-5.624041366577e+01 -3.812002018094e-03
-5.583813858032e+01 1.608189754188e-02
-5.543585968018e+01 1.116782613099e-02
-5.503358459473e+01 -8.519440889359e-04
-5.463130569458e+01 1.161104626954e-02
-5.422903060913e+01 9.316390380263e-03
-5.382675170898e+01 -1.245312951505e-02
-5.342447662354e+01 -3.118527354673e-03
-5.302219772339e+01 -2.654779236764e-03
-5.261992263794e+01 2.576528303325e-02
-5.221764373779e+01 3.377091838047e-03
-5.181536865234e+01 4.988738335669e-03
-5.141308975220e+01 7.940060459077e-04
-5.101081466675e+01 -1.100218971260e-03
-5.060853576660e+01 -4.255172330886e-03
-5.020626068115e+01 -4.943030420691e-03
-4.980398178101e+01 -8.874321356416e-03
-4.940170288086e+01 4.038766492158e-03
-4.899942779541e+01 -1.662341132760e-02
-4.859714889526e+01 -7.450732402503e-03
-4.819487380981e+01 -5.085662472993e-03
-4.779259490967e+01 8.028181269765e-03
-4.739031982422e+01 5.330345593393e-04
-4.698804092407e+01 2.458605682477e-03
-4.658576583862e+01 -2.345866756514e-03
-4.618348693848e+01 1.091037178412e-03
-4.578121185303e+01 8.451254689135e-05
-4.537893295288e+01 -1.800803840160e-02
-4.497665786743e+01 -1.516555994749e-02
-4.457437896729e+01 -1.036571338773e-02
-4.417210388184e+01 -6.447886582464e-03
-4.376982498169e+01 2.242544200271e-03
-4.336754989624e+01 1.196670625359e-02
-4.296527099609e+01 4.997837357223e-03
-4.256299591064e+01 1.225597597659e-02
-4.216071701050e+01 5.214751698077e-03
-4.175844192505e+01 6.079386454076e-03
-4.135616302490e+01 1.256731990725e-02
-4.095388793945e+01 -1.912213489413e-02
-4.055160903931e+01 -8.512454107404e-03
-4.014933395386e+01 2.546708332375e-03
-3.974705505371e+01 -5.784734617919e-03
-3.934477996826e+01 -3.927699290216e-03
-3.894250106812e+01 -9.294470772147e-03
-3.854022598267e+01 4.791997373104e-03
-3.813794708252e+01 6.883522495627e-03
-3.773567199707e+01 7.193893194199e-03
-3.733339309692e+01 -2.573642879725e-03
-3.693111801147e+01 -1.447316631675e-02
-3.652883911133e+01 5.812044721097e-03
-3.612656402588e+01 2.700761891901e-03
-3.572428512573e+01 -9.701121598482e-03
-3.532201004028e+01 -1.661433652043e-02
-3.491973114014e+01 -6.178669165820e-03
-3.451745605469e+01 1.154122687876e-02
-3.411517715454e+01 -6.148604676127e-03
-3.371290206909e+01 -2.040569670498e-02
-3.331062316895e+01 8.473832160234e-03
-3.290834808350e+01 2.237997390330e-02
-3.250606918335e+01 9.512566030025e-03
-3.210379409790e+01 2.450638217852e-03
-3.170151519775e+01 -3.795135766268e-03
-3.129923820496e+01 1.703436672688e-02
-3.089696121216e+01 -1.354868523777e-02
-3.049468421936e+01 -1.544043049216e-02
-3.009240722656e+01 4.967025481164e-03
-2.969013023376e+01 7.564945146441e-03
-2.928785324097e+01 1.298518385738e-02
-2.888557624817e+01 5.130589939654e-03
-2.848329925537e+01 6.330797914416e-03
-2.808102226257e+01 1.085427962244e-02
-2.767874526978e+01 1.423614658415e-02
-2.727646827698e+01 -9.557251818478e-03
-2.687419128418e+01 -2.178492140956e-04
-2.647191429138e+01 -1.001259498298e-02
-2.606963729858e+01 9.832098148763e-03
-2.566736030579e+01 2.427457459271e-02
-2.526508331299e+01 1.908145472407e-02
-2.486280632019e+01 3.667079145089e-03
-2.446052932739e+01 -1.574643072672e-03
-2.405825233459e+01 1.086601801217e-02
-2.365597534180e+01 -6.738260388374e-03
-2.325369834900e+01 -1.673444057815e-03
-2.285142135620e+01 1.299349963665e-02
-2.244914436340e+01 5.046150181442e-03
-2.204686737061e+01 1.575316675007e-02
-2.164459037781e+01 1.033119019121e-02
-2.124231338501e+01 -3.918462432921e-03
-2.084003639221e+01 -5.474447272718e-03
-2.043775939941e+01 -1.012076064944e-02
-2.003548240662e+01 -1.009875163436e-02
-1.963320541382e+01 -2.447706833482e-02
-1.923092842102e+01 1.137333456427e-03
-1.882865142822e+01 6.447398569435e-03
-1.842637443542e+01 -4.988940432668e-03
-1.802409744263e+01 -7.798235863447e-03
-1.762182044983e+01 -9.344971738756e-03
-1.721954345703e+01 -6.107360124588e-03
-1.681726455688e+01 7.827703375369e-04
-1.641498756409e+01 -1.810788991861e-03
-1.601271057129e+01 3.234905423597e-03
-1.561043453217e+01 1.441961992532e-02
-1.520815753937e+01 4.146046005189e-03
-1.480588054657e+01 8.157781325281e-03
-1.440360355377e+01 1.990283839405e-03
-1.400132656097e+01 1.812089420855e-02
-1.359904956818e+01 1.074640080333e-02
-1.319677257538e+01 -8.441558107734e-03
-1.279449558258e+01 -9.836868382990e-03
-1.239221858978e+01 1.079772133380e-03
-1.198994159698e+01 1.569985412061e-02
-1.158766460419e+01 1.558277406730e-03
-1.118538665771e+01 5.532150156796e-03
-1.078310966492e+01 -1.709283702075e-02
-1.038083267212e+01 5.595053662546e-04
-9.978555679321e+00 2.408127672970e-02
-9.576278686523e+00 6.363063002937e-04
-9.174001693726e+00 4.730112850666e-03
-8.771724700928e+00 -9.090707637370e-03
-8.369447708130e+00 -2.148355590180e-03
-7.967170715332e+00 -7.245068904012e-03
-7.564893722534e+00 5.327513441443e-03
-7.162616729736e+00 9.406141936779e-03
-6.760339736938e+00 -4.040957428515e-03
-6.358062744141e+00 -5.527687724680e-03
-5.955785751343e+00 2.046466572210e-03
-5.553508758545e+00 5.484277848154e-03
-5.151231765747e+00 -6.207386031747e-03
-4.748954772949e+00 -2.962820697576e-03
-4.346677780151e+00 7.334862370044e-03
-3.944400548935e+00 -6.022493820637e-03
-3.542123556137e+00 7.348839426413e-04
-3.139846563339e+00 -2.390213310719e-03
-2.737569570541e+00 1.577257923782e-02
-2.335292577744e+00 6.513077765703e-02
-1.933015465736e+00 2.997200489044e-01
-1.530738472939e+00 1.026201963425e+00
-1.128461480141e+00 1.310662865639e+00
-7.261844277382e-01 5.435988306999e-01
-3.239073753357e-01 1.753313839436e-01
7.836964726448e-02 6.094764918089e-02
4.806466698647e-01 5.932138767093e-03
8.829237222672e-01 8.861622773111e-03
1.285200715065e+00 5.039942450821e-03
1.687477707863e+00 1.854525879025e-02
2.089754819870e+00 1.731273136102e-03
2.492031812668e+00 1.305683515966e-02
2.894308805466e+00 -4.709176253527e-03
3.296585798264e+00 6.402939558029e-03
3.698862791061e+00 6.478845607489e-03
4.101140022278e+00 -7.494997233152e-03
4.503417015076e+00 -4.637093748897e-03
4.905694007874e+00 1.809826237150e-03
5.307971000671e+00 1.779708825052e-02
5.710247993469e+00 -8.137593977153e-03
6.112524986267e+00 1.555816968903e-03
6.514801979065e+00 8.752118796110e-03
6.917078971863e+00 -6.430062931031e-03
7.319355964661e+00 4.174333007541e-04
7.721632957458e+00 -2.444620244205e-03
8.123909950256e+00 -2.056412398815e-03
8.526186943054e+00 1.149906963110e-02
8.928463935852e+00 1.670835912228e-02
9.330740928650e+00 8.233852684498e-03
9.733017921448e+00 -7.231612107717e-04
1.013529491425e+01 -2.940176753327e-03
1.053757190704e+01 8.451234549284e-03
1.093984985352e+01 -8.291883394122e-03
1.134212684631e+01 4.217524547130e-03
1.174440383911e+01 1.668736152351e-02
1.214668083191e+01 1.671224273741e-02
1.254895782471e+01 -5.364420940168e-04
1.295123481750e+01 -3.014652058482e-03
1.335351181030e+01 4.388865549117e-03
1.375578880310e+01 -4.891104530543e-03
1.415806579590e+01 -2.477198606357e-03
1.456034278870e+01 -4.183258395642e-03
1.496261978149e+01 2.086211927235e-03
1.536489677429e+01 2.867681533098e-02
1.576717376709e+01 2.827077405527e-03
1.616945075989e+01 -3.991261590272e-03
1.657172775269e+01 3.032020758837e-03
1.697400474548e+01 9.024373255670e-03
1.737628173828e+01 7.225315086544e-03
1.777855873108e+01 1.426840014756e-02
1.818083572388e+01 1.235730201006e-02
1.858311271667e+01 -3.744036192074e-03
1.898538970947e+01 -8.111353963614e-03
1.938766670227e+01 6.511370185763e-03
1.978994369507e+01 3.410200821236e-03
2.019222068787e+01 -5.708215758204e-04
2.059449768066e+01 2.396240131930e-03
2.099677467346e+01 6.086178589612e-03
2.139905166626e+01 2.103111147881e-02
2.180132865906e+01 8.724094368517e-03
2.220360565186e+01 7.155172992498e-03
2.260588264465e+01 1.090502366424e-02
2.300815963745e+01 2.286233194172e-02
2.341043663025e+01 6.328159477562e-03
2.381271362305e+01 1.096663437784e-02
2.421499061584e+01 9.664382785559e-03
2.461726760864e+01 1.402236521244e-02
2.501954460144e+01 1.466701645404e-02
2.542182159424e+01 -4.905025474727e-03
2.582409858704e+01 -1.031805854291e-02
2.622637557983e+01 3.738954546861e-04
2.662865257263e+01 3.174173645675e-03
2.703092956543e+01 1.191297825426e-02
2.743320846558e+01 7.113117724657e-03
2.783548545837e+01 3.486589761451e-03
2.823776245117e+01 1.241713762283e-02
2.864003944397e+01 5.645697936416e-03
2.904231643677e+01 2.489643357694e-02
2.944459342957e+01 -4.091694019735e-03
2.984687042236e+01 -1.237870007753e-02
3.024914741516e+01 -1.231349725276e-02
3.065142440796e+01 5.996595602483e-03
3.105370140076e+01 -3.421390661970e-03
3.145597839355e+01 -1.821176148951e-02
3.185825538635e+01 -1.349906437099e-02
3.226053237915e+01 5.076800007373e-04
3.266280746460e+01 -2.503099152818e-03
3.306508636475e+01 -1.011245138943e-02
3.346736145020e+01 3.479923179839e-04
3.386964035034e+01 6.326021160930e-03
3.427191543579e+01 1.914847875014e-03
3.467419433594e+01 -1.658475957811e-02
3.507646942139e+01 1.251916214824e-02
3.547874832153e+01 -6.423742044717e-03
3.588102340698e+01 -2.389728324488e-03
3.628330230713e+01 -7.961163297296e-03
3.668557739258e+01 -3.005985170603e-03
3.708785629272e+01 2.862508874387e-03
3.749013137817e+01 2.580727217719e-03
3.789241027832e+01 -1.553464867175e-02
3.829468917847e+01 -5.253966432065e-03
3.869696426392e+01 9.181684814394e-03
3.909924316406e+01 4.492191597819e-03
3.950151824951e+01 -1.502554491162e-02
3.990379714966e+01 -2.318111807108e-02
4.030607223511e+01 -4.657030105591e-03
4.070835113525e+01 7.075752597302e-03
4.111062622070e+01 2.123974030837e-03
4.151290512085e+01 1.741920970380e-02
4.191518020630e+01 6.330171599984e-03
4.231745910645e+01 1.111808605492e-02
4.271973419189e+01 9.713147766888e-03
4.312201309204e+01 1.448302529752e-02
4.352428817749e+01 8.826352655888e-03
4.392656707764e+01 2.631275728345e-02
4.432884216309e+01 4.619783256203e-03
4.473112106323e+01 3.637528978288e-03
4.513339614868e+01 6.417916622013e-03
4.553567504883e+01 -6.031723227352e-03
4.593795013428e+01 -3.931437153369e-03
4.634022903442e+01 -1.264518871903e-02
4.674250411987e+01 -8.022115565836e-03
4.714478302002e+01 -1.790545880795e-02
4.754705810547e+01 -1.082269661129e-02
4.794933700562e+01 -5.644068121910e-03
4.835161209106e+01 -4.307996947318e-03
4.875389099121e+01 -1.396626001224e-03
4.915616607666e+01 -1.018337439746e-02
4.955844497681e+01 -2.705054823309e-03
4.996072006226e+01 -4.865196999162e-03
5.036299896240e+01 -8.208065293729e-03
5.076527404785e+01 -2.594065153971e-03
5.116755294800e+01 -1.129821408540e-02
5.156982803345e+01 5.067212972790e-03
5.197210693359e+01 2.451811451465e-03
5.237438201904e+01 -1.282183360308e-02
5.277666091919e+01 -8.418002165854e-03
5.317893600464e+01 3.494099713862e-03
5.358121490479e+01 8.330830372870e-03
5.398348999023e+01 -6.039224565029e-03
5.438576889038e+01 3.844969673082e-03
5.478804397583e+01 1.738048717380e-02
5.519032287598e+01 9.390559978783e-03
5.559259796143e+01 1.180254202336e-02
5.599487686157e+01 1.432788092643e-02
5.639715194702e+01 1.555520109832e-03
5.679943084717e+01 1.476064417511e-02
5.720170593262e+01 5.529338959605e-03
5.760398483276e+01 -9.746879339218e-03
5.800625991821e+01 -1.380316074938e-02
5.840853881836e+01 -1.289915572852e-02
5.881081390381e+01 6.825739517808e-03
5.921309280396e+01 8.986846543849e-03
5.961536788940e+01 3.152848454192e-03
6.001764678955e+01 1.005340088159e-02
6.041992568970e+01 1.322716358118e-03
6.082220077515e+01 1.637862995267e-02
6.122447967529e+01 3.218921599910e-03
6.162675476074e+01 -2.417574170977e-03
6.202903366089e+01 1.267159706913e-03
6.243130874634e+01 -9.365805424750e-03
6.283358764648e+01 1.350526511669e-02
6.323586273193e+01 3.308446146548e-03
6.363814163208e+01 8.586518466473e-03
6.404042053223e+01 1.252468768507e-02
6.444269561768e+01 4.362886771560e-03
6.484497070312e+01 6.839928682894e-03
6.524724578857e+01 6.201579235494e-03
6.564952850342e+01 -7.551691494882e-03
6.605180358887e+01 -3.896166803315e-03
6.645407867432e+01 1.471518352628e-02
6.685635375977e+01 -8.714096620679e-04
6.725863647461e+01 -1.702355220914e-02
6.766091156006e+01 -1.092019770294e-02
6.806318664551e+01 2.017350168899e-03
6.846546173096e+01 -6.159616168588e-04
6.886774444580e+01 -7.138525135815e-03
6.927001953125e+01 -1.846892526373e-03
6.967229461670e+01 -6.838069763035e-03
7.007456970215e+01 1.397798955441e-02
7.047685241699e+01 5.451869219542e-03
7.087912750244e+01 -2.410063985735e-03
7.128140258789e+01 -3.318612463772e-03
7.168367767334e+01 -1.422763522714e-02
7.208596038818e+01 -5.399015266448e-03
7.248823547363e+01 1.926089823246e-02
7.289051055908e+01 1.361684501171e-02
7.329278564453e+01 4.331940785050e-03
7.369506835938e+01 -7.156265433878e-03
7.409734344482e+01 1.191540062428e-02
7.449961853027e+01 2.493007807061e-03
7.490189361572e+01 1.867269724607e-02
7.530417633057e+01 1.995985396206e-03
7.570645141602e+01 -1.993242651224e-03
7.610872650146e+01 -1.461411011405e-03
7.651100158691e+01 1.349126733840e-02
7.691328430176e+01 -7.065533660352e-03
7.731555938721e+01 -1.019506435841e-02
7.771783447266e+01 7.401888258755e-03
7.812010955811e+01 8.872519247234e-03
7.852239227295e+01 -8.554828353226e-03
7.892466735840e+01 -6.557077635080e-03
7.932694244385e+01 -1.086368411779e-02
7.972921752930e+01 -2.330927550793e-02
8.013150024414e+01 2.426033606753e-03
8.053377532959e+01 3.678317647427e-03
8.093605041504e+01 4.021363798529e-03
8.133832550049e+01 1.792831160128e-02
8.174060821533e+01 -1.058956235647e-02
8.214288330078e+01 6.606804672629e-03
8.254515838623e+01 2.426420804113e-03
8.294744110107e+01 -4.313628189266e-03
8.334971618652e+01 5.540384911001e-03
8.375199127197e+01 -2.006892673671e-02
8.415426635742e+01 4.462416283786e-03
8.455654907227e+01 -9.612090885639e-03
8.495882415771e+01 8.502915501595e-03
8.536109924316e+01 1.220101770014e-02
8.576337432861e+01 2.936473675072e-02
8.616565704346e+01 5.971514154226e-03
8.656793212891e+01 5.358438007534e-03
8.697020721436e+01 -1.801570469979e-04
8.737248229980e+01 -3.246899694204e-03
8.777476501465e+01 -1.812931895256e-02
8.817704010010e+01 -1.341081783175e-02
8.857931518555e+01 -1.582161174156e-03
8.898159027100e+01 -6.541537120938e-03
8.938387298584e+01 -2.100452594459e-02
8.978614807129e+01 -1.270388718694e-03
9.018842315674e+01 5.358381662518e-03
9.059069824219e+01 -5.671061575413e-03
9.099298095703e+01 2.004387043417e-02
9.139525604248e+01 6.252654711716e-04
9.179753112793e+01 1.789086498320e-02
9.219980621338e+01 1.134624518454e-02
9.260208892822e+01 2.446344681084e-02
9.300436401367e+01 5.098018795252e-03
9.340663909912e+01 -3.067927900702e-03
9.380891418457e+01 -5.853816866875e-03
9.421119689941e+01 7.052440196276e-03
9.461347198486e+01 -8.398116566241e-03
9.501574707031e+01 5.128231365234e-03
9.541802215576e+01 -4.500768147409e-03
9.582030487061e+01 -1.359208370559e-03
9.622257995605e+01 -2.446329221129e-03
9.662485504150e+01 -3.472808515653e-03
9.702713012695e+01 -3.949862439185e-03
9.742941284180e+01 1.076563377865e-03
9.783168792725e+01 2.686896594241e-03
9.823396301270e+01 1.738487184048e-02
9.863623809814e+01 1.007305458188e-02
9.903852081299e+01 8.152220398188e-03
9.944079589844e+01 -7.278618868440e-03
9.984307098389e+01 -6.981804617681e-04
1.002453460693e+02 6.865614559501e-03
1.006476287842e+02 5.536676384509e-03
1.010499038696e+02 -7.778323197272e-05
1.014521789551e+02 -1.323377364315e-03
1.018544540405e+02 -5.619255360216e-03
1.022567367554e+02 -3.180395811796e-03
1.026590118408e+02 -6.498138420284e-03
1.030612869263e+02 -1.383926812559e-02
1.034635620117e+02 -3.758138744161e-03
1.038658447266e+02 8.715271949768e-03
1.042681198120e+02 7.925770245492e-03
1.046703948975e+02 1.140908803791e-02
1.050726776123e+02 9.904298931360e-03
1.054749526978e+02 -5.140421912074e-03

# ACA.HH114MMSSPW5.clean.image
-9.184951019287e+01 1.005683094263e-02
-9.144723510742e+01 -5.047787446529e-03
-9.104496002197e+01 -4.256180487573e-03
-9.064267730713e+01 1.515283156186e-02
-9.024040222168e+01 9.393381886184e-03
-8.983812713623e+01 7.030347362161e-03
-8.943585205078e+01 2.555463230237e-03
-8.903357696533e+01 -1.351623795927e-02
-8.863129425049e+01 -1.056991517544e-03
-8.822901916504e+01 1.124147977680e-02
-8.782674407959e+01 2.954454103019e-04
-8.742446899414e+01 -4.942065104842e-03
-8.702218627930e+01 -6.319864187390e-03
-8.661991119385e+01 1.442786678672e-02
-8.621763610840e+01 5.501696374267e-03
-8.581536102295e+01 -2.158550359309e-02
-8.541307830811e+01 -1.740420237184e-02
-8.501080322266e+01 5.017714574933e-03
-8.460852813721e+01 6.117771379650e-03
-8.420625305176e+01 1.654188148677e-02
-8.380397033691e+01 5.993538536131e-03
-8.340169525146e+01 -9.250905364752e-03
-8.299942016602e+01 8.058055303991e-03
-8.259714508057e+01 -1.141237560660e-02
-8.219486999512e+01 9.419522248209e-03
-8.179258728027e+01 2.565535949543e-03
-8.139031219482e+01 4.649687558413e-03
-8.098803710938e+01 6.060873623937e-03
-8.058576202393e+01 -5.548107903451e-03
-8.018347930908e+01 5.864616250619e-04
-7.978120422363e+01 5.627226084471e-03
-7.937892913818e+01 1.104119047523e-02
-7.897665405273e+01 8.044702000916e-03
-7.857437133789e+01 1.301744394004e-02
-7.817209625244e+01 -1.015130523592e-02
-7.776982116699e+01 6.357962731272e-03
-7.736754608154e+01 7.752642501146e-03
-7.696526336670e+01 1.680983230472e-02
-7.656298828125e+01 -2.550970064476e-03
-7.616071319580e+01 2.127402694896e-03
-7.575843811035e+01 -4.629011265934e-03
-7.535615539551e+01 1.607800251804e-03
-7.495388031006e+01 9.043890167959e-04
-7.455160522461e+01 3.241515718400e-03
-7.414933013916e+01 9.583546780050e-03
-7.374705505371e+01 5.299255717546e-03
-7.334477233887e+01 -1.609732513316e-03
-7.294249725342e+01 6.886385846883e-03
-7.254022216797e+01 -4.437387455255e-03
-7.213794708252e+01 -2.027618902503e-04
-7.173566436768e+01 -8.577167056501e-03
-7.133338928223e+01 1.685946807265e-02
-7.093111419678e+01 -5.092246457934e-03
-7.052883911133e+01 -2.838145010173e-02
-7.012655639648e+01 6.967857945710e-03
-6.972428131104e+01 8.626547642052e-03
-6.932200622559e+01 9.986450895667e-03
-6.891973114014e+01 7.791981101036e-03
-6.851744842529e+01 8.106959983706e-03
-6.811517333984e+01 6.068231537938e-03
-6.771289825439e+01 3.502360777929e-03
-6.731062316895e+01 -6.131515838206e-03
-6.690834808350e+01 -7.286389358342e-03
-6.650606536865e+01 -4.354273434728e-03
-6.610379028320e+01 -1.441903691739e-02
-6.570151519775e+01 -6.181633099914e-03
-6.529924011230e+01 8.392318151891e-03
-6.489695739746e+01 5.947624333203e-03
-6.449468231201e+01 6.876972969621e-03
-6.409240722656e+01 2.289140224457e-02
-6.369012832642e+01 1.438677776605e-02
-6.328785324097e+01 1.792909204960e-02
-6.288557434082e+01 -9.148279787041e-04
-6.248329925537e+01 7.467088755220e-03
-6.208102035522e+01 -8.843613788486e-03
-6.167874526978e+01 -4.603778012097e-03
-6.127646636963e+01 -3.740741172805e-03
-6.087419128418e+01 -1.552466565045e-04
-6.047191238403e+01 1.393703091890e-02
-6.006963729858e+01 1.513979025185e-02
-5.966736221313e+01 6.681723054498e-03
-5.926508331299e+01 2.681016456336e-03
-5.886280822754e+01 -1.688578166068e-02
-5.846052932739e+01 -9.453232400119e-03
-5.805825424194e+01 -2.632470102981e-03
-5.765597534180e+01 -2.032931707799e-02
-5.725370025635e+01 -6.221993360668e-03
-5.685142135620e+01 1.929097808897e-03
-5.644914627075e+01 -5.332423374057e-03
-5.604686737061e+01 2.062398241833e-03
-5.564459228516e+01 -5.877050571144e-03
-5.524231338501e+01 2.068140078336e-03
-5.484003829956e+01 1.453749602661e-03
-5.443775939941e+01 2.116307150573e-03
-5.403548431396e+01 1.386081334203e-02
-5.363320541382e+01 9.269288857467e-04
-5.323093032837e+01 -3.746413276531e-04
-5.282865524292e+01 9.685165248811e-03
-5.242637634277e+01 1.887802779675e-02
-5.202410125732e+01 1.011330634356e-02
-5.162182235718e+01 6.860212888569e-03
-5.121954727173e+01 2.948231436312e-02
-5.081726837158e+01 9.273395873606e-03
-5.041499328613e+01 3.222975647077e-04
-5.001271438599e+01 1.434553181753e-03
-4.961043930054e+01 4.702765494585e-03
-4.920816040039e+01 1.246615499258e-02
-4.880588531494e+01 1.130201015621e-02
-4.840360641479e+01 -1.182724628597e-02
-4.800133132935e+01 -6.191393360496e-03
-4.759905242920e+01 -6.683166138828e-04
-4.719677734375e+01 -2.750991610810e-03
-4.679449844360e+01 6.920546758920e-03
-4.639222335815e+01 1.492580026388e-02
-4.598994445801e+01 1.261561736465e-02
-4.558766937256e+01 -5.356115754694e-03
-4.518539428711e+01 5.114800762385e-03
-4.478311538696e+01 3.034301102161e-03
-4.438084030151e+01 -2.853598445654e-03
-4.397856140137e+01 1.141648553312e-02
-4.357628631592e+01 8.742611855268e-03
-4.317400741577e+01 -5.559382028878e-03
-4.277173233032e+01 -7.819358259439e-03
-4.236945343018e+01 -4.881237167865e-03
-4.196717834473e+01 -6.261342787184e-04
-4.156489944458e+01 -8.088032715023e-03
-4.116262435913e+01 -7.311943918467e-03
-4.076034545898e+01 -1.082295179367e-02
-4.035807037354e+01 -2.154899761081e-03
-3.995579147339e+01 -4.389147274196e-03
-3.955351638794e+01 2.764317207038e-03
-3.915123748779e+01 1.159672066569e-02
-3.874896240234e+01 -7.469705305994e-03
-3.834668350220e+01 -2.028196118772e-03
-3.794440841675e+01 1.929746195674e-02
-3.754213333130e+01 -5.028095562011e-03
-3.713985443115e+01 -2.785705775023e-02
-3.673757934570e+01 -2.303192205727e-02
-3.633530044556e+01 -1.873781718314e-02
-3.593302536011e+01 -1.136912312359e-02
-3.553074645996e+01 -3.303671954200e-03
-3.512847137451e+01 -2.085780026391e-03
-3.472619247437e+01 -1.605458208360e-03
-3.432391738892e+01 -9.040748118423e-04
-3.392163848877e+01 1.292506116442e-03
-3.351936340332e+01 4.695136565715e-03
-3.311708450317e+01 8.434370160103e-03
-3.271480941772e+01 1.680657826364e-02
-3.231253051758e+01 1.476216968149e-02
-3.191025543213e+01 1.053251326084e-02
-3.150797843933e+01 2.000190317631e-03
-3.110570144653e+01 9.067507460713e-03
-3.070342445374e+01 1.046874281019e-02
-3.030114746094e+01 5.723790265620e-03
-2.989887046814e+01 3.494328353554e-03
-2.949659347534e+01 -3.293953370303e-03
-2.909431648254e+01 6.408521905541e-03
-2.869203948975e+01 1.890182867646e-02
-2.828976249695e+01 2.643867954612e-02
-2.788748550415e+01 1.485821697861e-02
-2.748520851135e+01 2.013522572815e-02
-2.708293151855e+01 8.652761462145e-04
-2.668065452576e+01 -1.218806486577e-03
-2.627837944031e+01 2.447156468406e-03
-2.587610244751e+01 -9.797031059861e-03
-2.547382545471e+01 -1.292043644935e-02
-2.507154846191e+01 -4.206669051200e-03
-2.466927146912e+01 1.692854426801e-02
-2.426699447632e+01 1.124318968505e-02
-2.386471748352e+01 1.204979419708e-02
-2.346244049072e+01 2.813775558025e-03
-2.306016349792e+01 5.654196720570e-04
-2.265788650513e+01 -6.095483899117e-03
-2.225560951233e+01 8.676014840603e-04
-2.185333251953e+01 -9.167911484838e-03
-2.145105552673e+01 2.247698837891e-03
-2.104877853394e+01 2.641818136908e-04
-2.064650154114e+01 -1.553162652999e-02
-2.024422454834e+01 2.535440260544e-03
-1.984194755554e+01 6.104495259933e-04
-1.943967056274e+01 -7.631932850927e-03
-1.903739547729e+01 -4.720882978290e-03
-1.863511848450e+01 5.187310278416e-03
-1.823284149170e+01 8.769880980253e-03
-1.783056449890e+01 -2.920501632616e-03
-1.742828750610e+01 2.064814725600e-05
-1.702601051331e+01 4.116994328797e-03
-1.662373352051e+01 -7.655362598598e-03
-1.622145652771e+01 1.737515442073e-03
-1.581917953491e+01 -4.908142727800e-04
-1.541690254211e+01 -4.596437327564e-03
-1.501462554932e+01 5.558321718127e-03
-1.461234855652e+01 -5.890405736864e-03
-1.421007156372e+01 -8.556216955185e-03
-1.380779457092e+01 -3.163095796481e-03
-1.340551853180e+01 -1.656911894679e-02
-1.300324153900e+01 4.431151319295e-03
-1.260096454620e+01 2.238498535007e-03
-1.219868755341e+01 1.313431467861e-02
-1.179641056061e+01 1.979249762371e-03
-1.139413356781e+01 -1.009190082550e-02
-1.099185657501e+01 -2.160299482057e-04
-1.058957958221e+01 -1.321629271843e-03
-1.018730258942e+01 9.529149392620e-04
-9.785025596619e+00 -4.718901123852e-03
-9.382749557495e+00 4.707568790764e-03
-8.980472564697e+00 1.437806431204e-02
-8.578195571899e+00 7.268720073625e-04
-8.175918579102e+00 -4.952098825015e-04
-7.773641586304e+00 -8.332898840308e-03
-7.371364593506e+00 -1.519048400223e-02
-6.969087600708e+00 -1.591372862458e-02
-6.566811084747e+00 -3.214780008420e-03
-6.164534091949e+00 -7.157539948821e-03
-5.762257099152e+00 -2.110821381211e-02
-5.359980106354e+00 -2.176222577691e-02
-4.957703590393e+00 -1.218232885003e-02
-4.555426597595e+00 4.169479943812e-03
-4.153149604797e+00 -8.861234411597e-03
-3.750872612000e+00 2.682693302631e-03
-3.348595857620e+00 -4.978506825864e-03
-2.946318864822e+00 1.215836312622e-02
-2.544042110443e+00 4.243167489767e-02
-2.141765117645e+00 1.179209724069e-01
-1.739488244057e+00 5.723126530647e-01
-1.337211370468e+00 1.316738486290e+00
-9.349344968796e-01 1.043219685555e+00
-5.326575636864e-01 3.081058263779e-01
-1.303806900978e-01 1.009229868650e-01
2.718961834908e-01 1.754493452609e-02
6.741731166840e-01 1.240413822234e-02
1.076449990273e+00 -4.224257543683e-03
1.478726863861e+00 3.374015446752e-03
1.881003737450e+00 1.413679122925e-02
2.283280611038e+00 -3.156696446240e-03
2.685557603836e+00 -6.125622428954e-03
3.087834358215e+00 1.754828169942e-02
3.490111351013e+00 1.945859938860e-02
3.892388105392e+00 2.072651125491e-02
4.294665336609e+00 -2.220264635980e-03
4.696941852570e+00 -1.512849936262e-03
5.099218845367e+00 5.578337702900e-03
5.501495838165e+00 1.633068360388e-02
5.903772830963e+00 -5.658299778588e-04
6.306049346924e+00 -1.513543445617e-02
6.708326339722e+00 -5.808407906443e-03
7.110603332520e+00 -1.120606670156e-03
7.512880325317e+00 1.558469841257e-03
7.915157318115e+00 -2.036689408123e-02
8.317434310913e+00 -1.476839417592e-03
8.719711303711e+00 2.881047315896e-03
9.121987342834e+00 -7.781566819176e-04
9.524264335632e+00 1.896033249795e-02
9.926541328430e+00 6.639848463237e-03
1.032881832123e+01 -1.113758701831e-02
1.073109531403e+01 -2.278258791193e-03
1.113337230682e+01 -5.332600325346e-03
1.153564929962e+01 -4.616469144821e-03
1.193792629242e+01 -1.096172840334e-03
1.234020328522e+01 -5.625893827528e-03
1.274247932434e+01 3.461712971330e-03
1.314475631714e+01 4.691821057349e-03
1.354703330994e+01 -1.027837488800e-02
1.394931030273e+01 2.231422404293e-04
1.435158729553e+01 3.633928485215e-03
1.475386428833e+01 1.534731872380e-02
1.515614128113e+01 1.125398185104e-02
1.555841827393e+01 2.750067738816e-03
1.596069526672e+01 2.807203272823e-04
1.636297225952e+01 -1.947386004031e-02
1.676524925232e+01 -7.218593265861e-03
1.716752624512e+01 1.873543835245e-03
1.756980323792e+01 6.193788140081e-04
1.797208023071e+01 2.420902065933e-02
1.837435531616e+01 3.549045417458e-03
1.877663230896e+01 3.132167912554e-04
1.917890930176e+01 -1.215823646635e-02
1.958118629456e+01 -1.190249715000e-02
1.998346328735e+01 -3.566885832697e-03
2.038574028015e+01 -6.659030448645e-03
2.078801727295e+01 -8.699263446033e-03
2.119029426575e+01 -1.360056456178e-02
2.159257125854e+01 1.687879790552e-03
2.199484825134e+01 1.689240522683e-02
2.239712524414e+01 9.489645250142e-03
2.279940223694e+01 4.718201525975e-04
2.320167922974e+01 -3.156578401104e-03
2.360395622253e+01 5.767083726823e-03
2.400623321533e+01 2.240281552076e-03
2.440851020813e+01 1.554076001048e-02
2.481078720093e+01 6.264202762395e-03
2.521306419373e+01 1.533372420818e-02
2.561534118652e+01 6.160869263113e-03
2.601761627197e+01 5.302477627993e-03
2.641989326477e+01 9.289570152760e-03
2.682217025757e+01 9.248126298189e-03
2.722444725037e+01 1.105156913400e-02
2.762672424316e+01 1.782621955499e-03
2.802900123596e+01 1.311950944364e-02
2.843127822876e+01 -9.270994924009e-03
2.883355522156e+01 -1.723184064031e-02
2.923583221436e+01 1.739692990668e-03
2.963810920715e+01 6.457298994064e-03
3.004038619995e+01 -1.207005977631e-02
3.044266319275e+01 -6.034011021256e-03
3.084494018555e+01 1.878475211561e-02
3.124721717834e+01 -4.014521546196e-04
3.164949417114e+01 -1.768687274307e-03
3.205176925659e+01 7.481592707336e-03
3.245404815674e+01 1.412660465576e-03
3.285632324219e+01 2.478303387761e-03
3.325860214233e+01 1.424973271787e-02
3.366087722778e+01 3.393729683012e-03
3.406315612793e+01 4.659139376599e-04
3.446543121338e+01 -9.352553635836e-03
3.486771011353e+01 4.688394255936e-04
3.526998519897e+01 7.781635504216e-03
3.567226409912e+01 3.899569856003e-03
3.607453918457e+01 5.962642841041e-03
3.647681808472e+01 1.894386298954e-02
3.687909317017e+01 8.961361832917e-03
3.728136825562e+01 6.193219684064e-03
3.768364715576e+01 -1.308244303800e-03
3.808592224121e+01 1.576455682516e-02
3.848820114136e+01 4.567833384499e-04
3.889047622681e+01 -2.257350366563e-03
3.929275512695e+01 -3.393576480448e-05
3.969503021240e+01 1.838020049036e-02
4.009730911255e+01 1.042355131358e-02
4.049958419800e+01 8.926936425269e-03
4.090186309814e+01 -9.529897011817e-03
4.130413818359e+01 9.756023995578e-03
4.170641708374e+01 8.972508832812e-03
4.210869216919e+01 1.226578745991e-02
4.251097106934e+01 1.891213655472e-02
4.291324615479e+01 6.308082025498e-03
4.331552505493e+01 -4.096223041415e-03
4.371780014038e+01 2.334780991077e-03
4.412007904053e+01 -9.184621274471e-03
4.452235412598e+01 2.896682708524e-04
4.492462921143e+01 -1.479341089725e-02
4.532690811157e+01 -6.485220510513e-03
4.572918319702e+01 -1.715676276945e-03
4.613146209717e+01 -4.533060360700e-03
4.653373718262e+01 -7.413847837597e-03
4.693601608276e+01 -1.676032436080e-03
4.733829116821e+01 3.238086123019e-03
4.774057006836e+01 3.820082638413e-03
4.814284515381e+01 -1.044560037553e-02
4.854512405396e+01 -1.377026177943e-02
4.894739913940e+01 -2.083666622639e-02
4.934967803955e+01 -7.828850299120e-03
4.975195312500e+01 1.724053290673e-03
5.015423202515e+01 4.327689763159e-03
5.055650711060e+01 3.122293564957e-04
5.095878601074e+01 1.404609810561e-02
5.136106109619e+01 9.709362871945e-03
5.176333999634e+01 -7.638555951416e-03
5.216561508179e+01 -4.820807371289e-03
5.256789016724e+01 8.424397557974e-03
5.297016906738e+01 2.173385350034e-03
5.337244415283e+01 2.718838397413e-03
5.377472305298e+01 -2.823385002557e-04
5.417699813843e+01 -3.678417764604e-03
5.457927703857e+01 -7.490715943277e-03
5.498155212402e+01 -5.744279827923e-03
5.538383102417e+01 8.319148793817e-03
5.578610610962e+01 1.022052112967e-02
5.618838500977e+01 3.419632557780e-03
5.659066009521e+01 6.383601576090e-04
5.699293899536e+01 -3.756981808692e-03
5.739521408081e+01 -4.598753992468e-03
5.779749298096e+01 6.597158499062e-03
5.819976806641e+01 1.305402722210e-02
5.860204696655e+01 1.450108364224e-03
5.900432205200e+01 -8.601756766438e-03
5.940660095215e+01 -3.768844762817e-03
5.980887603760e+01 -7.353017572314e-03
6.021115112305e+01 5.610057618469e-03
6.061343002319e+01 8.582750335336e-03
6.101570510864e+01 1.922221481800e-02
6.141798400879e+01 1.214873697609e-02
6.182025909424e+01 -2.920909319073e-03
6.222253799438e+01 -1.104251854122e-02
6.262481307983e+01 -1.551247108728e-02
6.302709197998e+01 2.094505587593e-03
6.342936706543e+01 1.446912996471e-03
6.383164596558e+01 -1.820873119868e-03
6.423392486572e+01 1.656262436882e-03
6.463619995117e+01 -9.820849634707e-03
6.503847503662e+01 2.084813313559e-03
6.544075012207e+01 -4.510032013059e-03
6.584303283691e+01 -5.477962549776e-04
6.624530792236e+01 9.648902341723e-03
6.664758300781e+01 8.337987586856e-03
6.704985809326e+01 1.487357728183e-02
6.745213317871e+01 1.465882640332e-02
6.785441589355e+01 -6.670586299151e-03
6.825669097900e+01 -2.163327857852e-02
6.865896606445e+01 -4.201137460768e-03
6.906124114990e+01 -5.104532931000e-03
6.946352386475e+01 -5.593809764832e-03
6.986579895020e+01 2.371942857280e-03
7.026807403564e+01 6.010861136019e-03
7.067034912109e+01 6.181633565575e-03
7.107263183594e+01 1.351347565651e-02
7.147490692139e+01 4.063155502081e-03
7.187718200684e+01 -2.469180710614e-02
7.227945709229e+01 -5.652280524373e-04
7.268173980713e+01 1.211152411997e-02
7.308401489258e+01 8.078874088824e-03
7.348628997803e+01 8.351501077414e-03
7.388856506348e+01 5.079223774374e-03
7.429084777832e+01 5.650611594319e-03
7.469312286377e+01 -6.828649202362e-04
7.509539794922e+01 -4.490222316235e-03
7.549767303467e+01 -1.535503426567e-03
7.589994812012e+01 -1.686683110893e-02
7.630223083496e+01 2.019165270030e-02
7.670450592041e+01 6.735824514180e-03
7.710678100586e+01 4.237671848387e-03
7.750905609131e+01 7.086284924299e-03
7.791133880615e+01 1.347875315696e-02
7.831361389160e+01 -6.850446574390e-03
7.871588897705e+01 8.295660838485e-03
7.911816406250e+01 1.323010772467e-02
7.952044677734e+01 -1.407324336469e-03
7.992272186279e+01 -8.024821057916e-03
8.032499694824e+01 6.502316333354e-03
8.072727203369e+01 4.960018675774e-03
8.112955474854e+01 -1.625078357756e-02
8.153182983398e+01 -8.849571458995e-03
8.193410491943e+01 6.794687360525e-03
8.233638000488e+01 9.623883292079e-03
8.273865509033e+01 -1.843982376158e-03
8.314093780518e+01 3.029586747289e-03
8.354321289062e+01 -7.013940252364e-03
8.394548797607e+01 1.692597870715e-03
8.434776306152e+01 1.300537399948e-02
8.475004577637e+01 6.776075344533e-03
8.515232086182e+01 -1.252259779721e-02
8.555459594727e+01 -5.257452838123e-03
8.595687103271e+01 1.994688995183e-02
8.635915374756e+01 -7.778633851558e-03
8.676142883301e+01 -4.027669783682e-03
8.716370391846e+01 -3.257651580498e-03
8.756597900391e+01 -4.483240190893e-03
8.796826171875e+01 -2.414669375867e-03
8.837053680420e+01 -5.348547827452e-03
8.877281188965e+01 -1.035501249135e-02
8.917508697510e+01 8.398897625739e-05
8.957736206055e+01 1.540306955576e-02
8.997964477539e+01 1.348827127367e-02
9.038191986084e+01 1.130111329257e-02
9.078419494629e+01 7.950392551720e-03
9.118647003174e+01 2.286242879927e-02
9.158875274658e+01 1.663555949926e-02
9.199102783203e+01 6.986853259150e-05
9.239330291748e+01 4.814187064767e-03
9.279557800293e+01 1.060724444687e-02
9.319786071777e+01 4.422268539201e-04
9.360013580322e+01 4.986863117665e-03
9.400241088867e+01 -5.218550795689e-04
9.440468597412e+01 -1.582667417824e-02
9.480696868896e+01 -4.589808639139e-03
9.520924377441e+01 1.493492163718e-02
9.561151885986e+01 -7.607721490785e-04
9.601379394531e+01 -1.320091355592e-02
9.641607666016e+01 -2.037406526506e-02
9.681835174561e+01 -2.209269150626e-04
9.722062683105e+01 4.346596077085e-03
9.762290191650e+01 3.456626320258e-03
9.802517700195e+01 -3.007837571204e-03
9.842745971680e+01 1.564119383693e-02
9.882973480225e+01 1.083744503558e-02
9.923200988770e+01 -2.015212085098e-03
