#title: Spectral profile - ACA.HH114MMSSPW2.clean.image
#region (world): Ellipse[[05:18:18.099, +07d10m28.599], [05:18:14.739, +07d11m18.599]]
#region (pixel): Ellipse[[105, 75], [154, 124]]
#coordinate: world
#xLabel: radio velocity [km/s]
#yLabel: [Jy/beam] Mean

# BLC.HH114MMSSPW2.clean.image-raster
-8.332442474365e+01 3.776461817324e-03
-8.293162536621e+01 -1.374401804060e-02
-8.253881835938e+01 -2.275508595631e-04
-8.214601898193e+01 -1.487740315497e-02
-8.175321960449e+01 -4.346094559878e-03
-8.136041259766e+01 6.253841798753e-03
-8.096761322021e+01 -3.129334654659e-03
-8.057480621338e+01 -6.377351935953e-03
-8.018200683594e+01 -1.059414073825e-02
-7.978919982910e+01 -2.102751052007e-03
-7.939640045166e+01 4.943802487105e-03
-7.900359344482e+01 -1.083937822841e-03
-7.861079406738e+01 7.958486676216e-03
-7.821799468994e+01 7.277884520590e-03
-7.782518768311e+01 6.592143326998e-04
-7.743238830566e+01 5.892402026802e-03
-7.703958129883e+01 8.653379045427e-03
-7.664678192139e+01 8.119300007820e-03
-7.625397491455e+01 3.076582914218e-03
-7.586117553711e+01 4.493047308642e-04
-7.546836853027e+01 8.075926452875e-03
-7.507556915283e+01 6.399558391422e-03
-7.468276977539e+01 9.679839015007e-03
-7.428996276855e+01 5.716119892895e-03
-7.389716339111e+01 2.790766069666e-03
-7.350435638428e+01 1.701594144106e-02
-7.311155700684e+01 2.109821420163e-03
-7.271875000000e+01 -4.582953406498e-04
-7.232595062256e+01 2.688752720132e-03
-7.193314361572e+01 1.369754783809e-02
-7.154034423828e+01 -2.646328648552e-03
-7.114754486084e+01 -4.851272795349e-03
-7.075473785400e+01 1.604866050184e-02
-7.036193847656e+01 4.406671971083e-03
-6.996913146973e+01 7.283263839781e-04
-6.957633209229e+01 7.298217155039e-03
-6.918352508545e+01 1.140748243779e-02
-6.879072570801e+01 -5.696098785847e-03
-6.839791870117e+01 -1.085201278329e-02
-6.800511932373e+01 -1.864777761512e-03
-6.761231994629e+01 8.067426271737e-03
-6.721951293945e+01 -4.761603660882e-03
-6.682671356201e+01 -5.587036255747e-03
-6.643390655518e+01 -1.049681473523e-02
-6.604110717773e+01 -4.203650634736e-03
-6.564830017090e+01 -4.698735661805e-03
-6.525550079346e+01 -3.208377864212e-03
-6.486269378662e+01 -7.646628655493e-03
-6.446989440918e+01 -1.354729477316e-02
-6.407709503174e+01 -6.742441561073e-03
-6.368428802490e+01 -9.389598853886e-03
-6.329148483276e+01 8.729867637157e-03
-6.289868164062e+01 3.428593510762e-03
-6.250587844849e+01 5.571520887315e-03
-6.211307907104e+01 -2.272164216265e-03
-6.172027587891e+01 5.054672248662e-03
-6.132747268677e+01 1.719852350652e-02
-6.093466949463e+01 2.031980082393e-03
-6.054186630249e+01 2.495429711416e-03
-6.014906311035e+01 -4.594067111611e-03
-5.975625991821e+01 8.413159288466e-03
-5.936345672607e+01 1.460817363113e-02
-5.897065353394e+01 -1.131047308445e-02
-5.857785415649e+01 1.366997021250e-03
-5.818505096436e+01 -3.476015757769e-03
-5.779224777222e+01 3.639047499746e-03
-5.739944458008e+01 -2.169409766793e-02
-5.700664138794e+01 4.826952703297e-03
-5.661383819580e+01 -5.185161251575e-03
-5.622103500366e+01 -1.647075638175e-03
-5.582823181152e+01 -1.131143537350e-03
-5.543542861938e+01 -5.325328093022e-03
-5.504262924194e+01 -1.094471430406e-03
-5.464982604980e+01 -8.308374322951e-03
-5.425702285767e+01 -3.463442903012e-03
-5.386421966553e+01 1.319256331772e-02
-5.347141647339e+01 -4.755117930472e-03
-5.307861328125e+01 -3.409962868318e-03
-5.268581008911e+01 5.776787642390e-03
-5.229300689697e+01 -1.246479060501e-02
-5.190020370483e+01 -1.289379224181e-02
-5.150740432739e+01 1.974330982193e-03
-5.111460113525e+01 3.504021791741e-03
-5.072179794312e+01 -2.047969261184e-03
-5.032899475098e+01 7.234099321067e-04
-4.993619155884e+01 -3.713700454682e-03
-4.954338836670e+01 -7.277819095179e-04
-4.915058517456e+01 8.501481264830e-03
-4.875778198242e+01 2.846041880548e-02
-4.836497879028e+01 8.675598539412e-03
-4.797217941284e+01 1.217472483404e-03
-4.757937622070e+01 1.274262927473e-02
-4.718657302856e+01 6.213868502527e-03
-4.679376983643e+01 -9.163036011159e-03
-4.640096664429e+01 -8.112641982734e-03
-4.600816345215e+01 2.966133179143e-03
-4.561536026001e+01 2.477168105543e-03
-4.522255706787e+01 -6.222179159522e-03
-4.482975387573e+01 3.432518278714e-04
-4.443695449829e+01 6.315730512142e-03
-4.404415130615e+01 -5.151537479833e-04
-4.365134811401e+01 2.013974264264e-02
-4.325854492188e+01 1.743569783866e-02
-4.286574172974e+01 8.703892817721e-04
-4.247293853760e+01 -2.353443298489e-03
-4.208013534546e+01 1.441520173103e-03
-4.168733215332e+01 1.294680591673e-02
-4.129452896118e+01 4.323426983319e-04
-4.090172958374e+01 -8.238275535405e-03
-4.050892639160e+01 1.723044086248e-03
-4.011612319946e+01 -5.168935749680e-03
-3.972332000732e+01 1.317245140672e-02
-3.933051681519e+01 8.441162295640e-03
-3.893771362305e+01 1.075677480549e-02
-3.854491043091e+01 -1.070372574031e-02
-3.815210723877e+01 5.176780745387e-03
-3.775930404663e+01 3.678932553157e-04
-3.736650466919e+01 3.168128430843e-03
-3.697370147705e+01 8.413976756856e-04
-3.658089828491e+01 2.046648645774e-03
-3.618809509277e+01 7.454977836460e-03
-3.579529190063e+01 7.788617629558e-03
-3.540248870850e+01 3.662988543510e-03
-3.500968551636e+01 3.815922187641e-03
-3.461688232422e+01 1.457343716174e-02
-3.422407913208e+01 -6.537255365402e-03
-3.383127975464e+01 5.446846596897e-03
-3.343847656250e+01 -9.344507008791e-03
-3.304567337036e+01 4.356329329312e-03
-3.265287017822e+01 -3.556057577953e-03
-3.226006698608e+01 6.129224784672e-03
-3.186726379395e+01 8.539111353457e-03
-3.147446060181e+01 -4.528185818344e-03
-3.108165931702e+01 3.148582763970e-03
-3.068885612488e+01 1.500385231338e-03
-3.029605293274e+01 -8.456939249299e-04
-2.990324974060e+01 1.822096761316e-03
-2.951044845581e+01 1.888036914170e-02
-2.911764526367e+01 6.397787947208e-03
-2.872484207153e+01 7.919802446850e-04
-2.833203887939e+01 -1.277296832995e-04
-2.793923568726e+01 -1.609551720321e-02
-2.754643440247e+01 -1.096241176128e-02
-2.715363121033e+01 1.565022766590e-02
-2.676082801819e+01 2.898045815527e-03
-2.636802482605e+01 -3.977293148637e-03
-2.597522354126e+01 -7.753428537399e-03
-2.558242034912e+01 -6.491133477539e-03
-2.518961715698e+01 1.374185550958e-03
-2.479681396484e+01 -3.844006569125e-04
-2.440401077271e+01 -1.784396008588e-03
-2.401120948792e+01 1.773686381057e-03
-2.361840629578e+01 3.986855968833e-03
-2.322560310364e+01 3.889235435054e-03
-2.283279991150e+01 8.224308490753e-03
-2.243999671936e+01 7.890946581028e-04
-2.204719543457e+01 -8.954526856542e-03
-2.165439224243e+01 -5.692020524293e-03
-2.126158905029e+01 4.737361334264e-03
-2.086878585815e+01 1.228794921190e-02
-2.047598457336e+01 -2.222036384046e-02
-2.008318138123e+01 -1.110340002924e-02
-1.969037818909e+01 -6.228274200112e-03
-1.929757499695e+01 -1.155047118664e-02
-1.890477180481e+01 3.830128116533e-03
-1.851197052002e+01 -1.634498708881e-03
-1.811916732788e+01 3.762644482777e-03
-1.772636413574e+01 1.705501414835e-02
-1.733356094360e+01 -4.444709629752e-04
-1.694075965881e+01 3.533901879564e-03
-1.654795646667e+01 4.806203767657e-03
-1.615515327454e+01 4.454649519175e-03
-1.576235008240e+01 5.682347808033e-03
-1.536954784393e+01 -4.453919827938e-03
-1.497674465179e+01 3.915620036423e-03
-1.458394241333e+01 2.614479279146e-03
-1.419113922119e+01 3.570876549929e-03
-1.379833698273e+01 -4.865829832852e-03
-1.340553379059e+01 -9.155601263046e-03
-1.301273155212e+01 -1.924426760525e-03
-1.261992835999e+01 -6.781905423850e-03
-1.222712516785e+01 -7.282705046237e-03
-1.183432292938e+01 1.427284441888e-03
-1.144151973724e+01 5.846115201712e-02
-1.104871749878e+01 4.960280656815e-01
-1.065591430664e+01 1.554893255234e+00
-1.026311206818e+01 1.349302530289e+00
-9.870308876038e+00 2.132987380028e-01
-9.477506637573e+00 2.289109490812e-02
-9.084703445435e+00 -1.887299120426e-03
-8.691900253296e+00 -6.730333901942e-03
-8.299098014832e+00 -3.241172991693e-03
-7.906295299530e+00 -4.650996997952e-03
-7.513492107391e+00 -2.567734941840e-02
-7.120689392090e+00 1.682842732407e-03
-6.727886676788e+00 1.974572800100e-02
-6.335083961487e+00 1.004885043949e-02
-5.942281246185e+00 4.983109422028e-03
-5.549478530884e+00 -1.231596618891e-02
-5.156675815582e+00 7.985581643879e-03
-4.763873100281e+00 7.587342523038e-03
-4.371070384979e+00 1.669609360397e-02
-3.978267431259e+00 7.873848080635e-02
-3.585464715958e+00 5.972783565521e-01
-3.192661762238e+00 1.543521165848e+00
-2.799859046936e+00 2.557360172272e+00
-2.407056331635e+00 2.851606130600e+00
-2.014253616333e+00 1.814900875092e+00
-1.621450781822e+00 2.148950576782e+00
-1.228647947311e+00 1.523414731026e+00
-8.358452320099e-01 2.628160715103e-01
-4.430424571037e-01 1.791923865676e-02
-5.023968219757e-02 -8.701569400728e-03
3.425630927086e-01 -4.739474097732e-04
7.353658676147e-01 4.540886729956e-03
1.128168582916e+00 9.996147826314e-03
1.520971417427e+00 -1.128307339968e-04
1.913774132729e+00 1.756587065756e-02
2.306576967239e+00 1.735659986734e-01
2.699379682541e+00 1.042212605476e+00
3.092182397842e+00 2.440526485443e+00
3.484985351562e+00 2.386689186096e+00
3.877788066864e+00 1.272160053253e+00
4.270590782166e+00 7.861460447311e-01
4.663393497467e+00 6.076830029488e-01
5.056196212769e+00 6.346452236176e-02
5.448998928070e+00 1.899922639132e-02
5.841802120209e+00 -7.421424146742e-03
6.234604835510e+00 -3.152410034090e-03
6.627407550812e+00 -8.162281475961e-03
7.020210266113e+00 -1.178578007966e-02
7.413012981415e+00 7.322801277041e-03
7.805815696716e+00 7.705087307841e-03
8.198618888855e+00 5.883002653718e-03
8.591421127319e+00 -2.096445299685e-02
8.984224319458e+00 -5.244512110949e-03
9.377026557922e+00 -3.529756097123e-03
9.769829750061e+00 -3.556278767064e-03
1.016263198853e+01 1.246729120612e-02
1.055543518066e+01 9.726496413350e-03
1.094823837280e+01 1.013457542285e-03
1.134104061127e+01 -4.233670420945e-03
1.173384380341e+01 -3.305230988190e-03
1.212664604187e+01 -4.713478498161e-03
1.251944923401e+01 9.684241376817e-03
1.291225147247e+01 -8.116103708744e-03
1.330505466461e+01 2.448638668284e-03
1.369785690308e+01 3.835624316707e-03
1.409066009521e+01 -3.224248299375e-03
1.448346328735e+01 -9.549772948958e-04
1.487626552582e+01 1.802394166589e-03
1.526906871796e+01 8.740353398025e-03
1.566187095642e+01 5.158123560250e-03
1.605467414856e+01 -1.111012024921e-04
1.644747734070e+01 1.488955342211e-03
1.684027862549e+01 6.688253022730e-03
1.723308181763e+01 1.107545755804e-02
1.762588500977e+01 2.404943853617e-02
1.801868820190e+01 1.247405540198e-02
1.841149139404e+01 9.363726712763e-03
1.880429267883e+01 -2.765482058749e-03
1.919709587097e+01 5.157682113349e-03
1.958989906311e+01 4.290892742574e-03
1.998270225525e+01 1.112924050540e-02
2.037550354004e+01 1.234674267471e-02
2.076830673218e+01 -6.725809536874e-03
2.116110992432e+01 -1.475117914379e-02
2.155391311646e+01 -7.099720649421e-03
2.194671630859e+01 -6.945186760277e-03
2.233951759338e+01 -1.402573660016e-03
2.273232078552e+01 3.074488835409e-03
2.312512397766e+01 -5.573083180934e-04
2.351792716980e+01 1.248427946121e-02
2.391072845459e+01 -6.894312798977e-03
2.430353164673e+01 3.801285289228e-03
2.469633483887e+01 1.593778468668e-02
2.508913803101e+01 8.200533688068e-03
2.548194122314e+01 3.147327108309e-03
2.587474250793e+01 -4.789734259248e-03
2.626754570007e+01 -1.478552469052e-03
2.666034889221e+01 -1.132223382592e-02
2.705315208435e+01 -2.289965283126e-03
2.744595336914e+01 -7.518568076193e-03
2.783875656128e+01 -1.368926459691e-04
2.823155975342e+01 -1.238645985723e-02
2.862436294556e+01 -6.745820399374e-03
2.901716613770e+01 -9.286761633120e-04
2.940996742249e+01 2.694030757993e-03
2.980277061462e+01 2.470353618264e-03
3.019557380676e+01 -5.984740797430e-03
3.058837699890e+01 1.350957201794e-03
3.098118019104e+01 1.273775473237e-02
3.137398147583e+01 1.043587806635e-03
3.176678466797e+01 -3.265722189099e-03
3.215958786011e+01 2.141425211448e-04
3.255239105225e+01 6.679479498416e-03
3.294519424438e+01 4.045331443194e-04
3.333799743652e+01 -5.532448645681e-03
3.373079681396e+01 -4.737577401102e-03
3.412360000610e+01 -1.536006573588e-03
3.451640319824e+01 -2.079565543681e-03
3.490920639038e+01 -1.068514678627e-02
3.530200958252e+01 9.961663745344e-03
3.569481277466e+01 1.021021232009e-02
3.608761596680e+01 3.392040031031e-03
3.648041915894e+01 -2.635862911120e-03
3.687322235107e+01 -4.651406314224e-03
3.726602172852e+01 -4.320036154240e-03
3.765882492065e+01 7.325592916459e-03
3.805162811279e+01 -1.500408630818e-03
3.844443130493e+01 1.602902449667e-02
3.883723449707e+01 1.217841543257e-02
3.923003768921e+01 2.591172419488e-02
3.962284088135e+01 5.310997832566e-03
4.001564407349e+01 2.995167626068e-03
4.040844726562e+01 -1.147385966033e-02
4.080124664307e+01 -1.075339969248e-02
4.119404983521e+01 -1.213646400720e-02
4.158685302734e+01 -1.567671820521e-02
4.197965621948e+01 6.640515755862e-03
4.237245941162e+01 -2.465627621859e-03
4.276526260376e+01 -1.384680159390e-03
4.315806579590e+01 -6.335994694382e-03
4.355086898804e+01 3.467462956905e-03
4.394367218018e+01 1.253467611969e-02
4.433647537231e+01 3.004275960848e-03
4.472927474976e+01 2.028897590935e-02
4.512207794189e+01 1.589589985088e-03
4.551488113403e+01 -2.180871088058e-03
4.590768432617e+01 -5.642361007631e-03
4.630048751831e+01 3.471529111266e-03
4.669329071045e+01 1.856842078269e-02
4.708609390259e+01 1.419258187525e-03
4.747889709473e+01 -1.355429925025e-02
4.787170028687e+01 -6.303883157670e-03
4.826449966431e+01 -1.341973617673e-02
4.865730285645e+01 3.176616271958e-03
4.905010604858e+01 -6.068595685065e-03
4.944290924072e+01 2.548205200583e-03
4.983571243286e+01 1.455113571137e-02
5.022851562500e+01 -2.050916664302e-03
5.062131881714e+01 -3.839209442958e-03
5.101412200928e+01 1.351358601823e-03
5.140692520142e+01 1.370286219753e-03
5.179972457886e+01 6.394595373422e-03
5.219252777100e+01 -6.223686970770e-03
5.258533096313e+01 -7.000694982708e-03
5.297813415527e+01 8.346342481673e-03
5.337093734741e+01 -7.208039984107e-03
5.376374053955e+01 -3.772688563913e-03
5.415654373169e+01 -1.645882264711e-03
5.454934692383e+01 -5.557397380471e-03
5.494215011597e+01 -1.792625524104e-02
5.533494949341e+01 -1.208356581628e-02
5.572775268555e+01 1.892761327326e-03
5.612055587769e+01 -4.488235805184e-03
5.651335906982e+01 -1.184655912220e-02
5.690616226196e+01 1.019037421793e-02
5.729896545410e+01 9.809460490942e-03
5.769176864624e+01 -5.534300580621e-03
5.808457183838e+01 2.549771685153e-03
5.847737503052e+01 -3.880595788360e-03
5.887017440796e+01 -1.946274563670e-02
5.926297760010e+01 1.154914684594e-02
5.965578079224e+01 -2.582365181297e-03
6.004858398438e+01 -8.638999424875e-03
6.044138717651e+01 1.165672484785e-02
6.083419036865e+01 2.551692724228e-02
6.122699356079e+01 1.284331642091e-02
6.161979675293e+01 -3.825536929071e-03
6.201259994507e+01 2.456889720634e-03
6.240539932251e+01 -6.381766404957e-03
6.279820251465e+01 3.990955650806e-03
6.319100570679e+01 4.811846651137e-03
6.358380889893e+01 1.625502482057e-03
6.397661209106e+01 -1.542540267110e-02
6.436941528320e+01 -3.331476589665e-03
6.476221466064e+01 -3.194378921762e-03
6.515502166748e+01 5.085611250252e-03
6.554782104492e+01 1.879843510687e-02
6.594062805176e+01 1.002664398402e-02
6.633342742920e+01 1.212351303548e-02
6.672623443604e+01 2.179430797696e-03
6.711903381348e+01 1.228768192232e-02
6.751183319092e+01 2.205350436270e-03
6.790464019775e+01 2.822849433869e-03
6.829743957520e+01 -1.287920493633e-02
6.869024658203e+01 -2.661615377292e-03
6.908304595947e+01 -8.056692779064e-03
6.947585296631e+01 -1.556852087379e-02
6.986865234375e+01 -3.783598775044e-03
7.026145935059e+01 -2.980420831591e-03
7.065425872803e+01 -4.390100017190e-03
7.104705810547e+01 -7.436986081302e-03
7.143986511230e+01 1.020652428269e-02
7.183266448975e+01 1.194957923144e-02
7.222547149658e+01 7.865458028391e-04
7.261827087402e+01 -3.431851277128e-03
7.301107788086e+01 -6.407625973225e-03
7.340387725830e+01 -9.337179362774e-03
7.379668426514e+01 -9.620049037039e-03
7.418948364258e+01 1.481385901570e-03
7.458229064941e+01 3.582462668419e-03
7.497509002686e+01 -5.534547381103e-04
7.536788940430e+01 8.383133681491e-04
7.576069641113e+01 -5.570210050792e-03
7.615349578857e+01 -3.001740435138e-03
7.654630279541e+01 -1.506339525804e-03
7.693910217285e+01 1.227374072187e-03
7.733190917969e+01 -2.471351763234e-04
7.772470855713e+01 7.953053340316e-03
7.811751556396e+01 9.936550632119e-04
7.851031494141e+01 -2.484660362825e-03
7.890311431885e+01 -7.303944439627e-04
7.929592132568e+01 9.084736928344e-03
7.968872070312e+01 1.692575216293e-02
8.008152770996e+01 -5.429073935375e-04
8.047432708740e+01 1.233858801425e-02
8.086713409424e+01 8.010092191398e-03
8.125993347168e+01 6.297333631665e-03
8.165274047852e+01 4.351999610662e-03
8.204553985596e+01 -1.451896037906e-02
8.243833923340e+01 1.717413542792e-03
8.283114624023e+01 1.075223740190e-02
8.322394561768e+01 1.195619814098e-02
8.361675262451e+01 4.546929616481e-03
8.400955200195e+01 1.193504358525e-04
8.440235900879e+01 -6.162756588310e-03
8.479515838623e+01 -1.296266331337e-03
8.518796539307e+01 5.847689695656e-03
8.558076477051e+01 2.973344363272e-02
8.597356414795e+01 1.329183299094e-02
8.636637115479e+01 -7.641403004527e-03
8.675917053223e+01 -3.285401267931e-03
8.715197753906e+01 1.246582064778e-02
8.754477691650e+01 3.326297737658e-03
8.793758392334e+01 -1.146491616964e-02
8.833038330078e+01 -1.027667615563e-02
8.872319030762e+01 6.658088415861e-03
8.911598968506e+01 -5.458636209369e-03
8.950878906250e+01 -2.027655951679e-02
8.990159606934e+01 -5.995866842568e-03
9.029439544678e+01 5.444353446364e-03
9.068720245361e+01 5.040999036282e-03
9.108000183105e+01 5.562481004745e-03
9.147280883789e+01 -2.090055029839e-03
9.186560821533e+01 5.407524760813e-03
9.225841522217e+01 1.147326454520e-02
9.265121459961e+01 1.357999071479e-02
9.304401397705e+01 -2.146091079339e-03
9.343682098389e+01 4.660787060857e-03
9.382962036133e+01 7.927550468594e-04
9.422242736816e+01 -3.223715582862e-03
9.461522674561e+01 -2.757576992735e-03
9.500803375244e+01 -8.978573605418e-04
9.540083312988e+01 1.704327389598e-02
9.579364013672e+01 2.055620029569e-02
9.618643951416e+01 6.337778177112e-03
9.657923889160e+01 9.283942170441e-03
9.697204589844e+01 -5.174453370273e-03
9.736484527588e+01 4.916524514556e-03
9.775765228271e+01 5.258400924504e-03
9.815045166016e+01 3.506776643917e-03
9.854325866699e+01 2.604578388855e-03
9.893605804443e+01 -3.047909587622e-03
9.932886505127e+01 9.336078539491e-03
9.972166442871e+01 1.641590893269e-02
1.001144638062e+02 9.452973492444e-03
1.005072708130e+02 -2.545622177422e-03
1.009000701904e+02 5.341689102352e-03
1.012928771973e+02 -7.319798227400e-03
1.016856765747e+02 2.228436060250e-02
1.020784835815e+02 8.192336186767e-03
1.024712829590e+02 1.106014125980e-03
1.028640899658e+02 -4.947963170707e-03
1.032568893433e+02 8.405987173319e-03

# ACA.HH114MMSSPW2.clean.image
-8.922360992432e+01 1.389418379404e-03
-8.883081054688e+01 4.546261858195e-03
-8.843800354004e+01 5.150066572241e-04
-8.804520416260e+01 5.890775937587e-03
-8.765240478516e+01 -1.038846909069e-03
-8.725959777832e+01 -2.797756111249e-03
-8.686679840088e+01 5.576974712312e-03
-8.647399139404e+01 -8.599167689681e-03
-8.608119201660e+01 -1.254596654326e-02
-8.568838500977e+01 -6.847964599729e-03
-8.529558563232e+01 3.989165648818e-03
-8.490278625488e+01 9.522043168545e-03
-8.450997924805e+01 1.587384194136e-02
-8.411717987061e+01 1.826197956689e-03
-8.372437286377e+01 -4.073398653418e-03
-8.333157348633e+01 2.189211780205e-03
-8.293876647949e+01 -1.062655542046e-02
-8.254596710205e+01 -7.707577198744e-03
-8.215316772461e+01 -2.254693768919e-03
-8.176036071777e+01 -2.288452014909e-05
-8.136756134033e+01 4.469789098948e-03
-8.097475433350e+01 -5.148289259523e-03
-8.058195495605e+01 -7.437785621732e-03
-8.018914794922e+01 7.860044017434e-03
-7.979634857178e+01 9.596752002835e-03
-7.940354919434e+01 1.639187801629e-03
-7.901074218750e+01 7.732436526567e-03
-7.861794281006e+01 1.658033928834e-03
-7.822513580322e+01 3.245086176321e-03
-7.783233642578e+01 -8.194768801332e-03
-7.743952941895e+01 -2.111217007041e-03
-7.704673004150e+01 -3.408355172724e-03
-7.665393066406e+01 6.180524360389e-03
-7.626112365723e+01 2.967310138047e-03
-7.586832427979e+01 1.189237553626e-02
-7.547551727295e+01 7.061152718961e-03
-7.508271789551e+01 8.140615187585e-03
-7.468991088867e+01 2.482957672328e-03
-7.429711151123e+01 1.044295262545e-02
-7.390431213379e+01 6.707693450153e-03
-7.351150512695e+01 1.132779940963e-02
-7.311870574951e+01 -4.166349768639e-03
-7.272589874268e+01 -8.173388428986e-03
-7.233309936523e+01 -4.613903351128e-03
-7.194029235840e+01 6.763106212020e-04
-7.154749298096e+01 -1.157222967595e-02
-7.115469360352e+01 6.425935309380e-03
-7.076188659668e+01 -9.539056336507e-04
-7.036908721924e+01 -7.133630570024e-03
-6.997628021240e+01 8.114989846945e-03
-6.958348083496e+01 9.807583410293e-04
-6.919068145752e+01 8.328177034855e-03
-6.879787445068e+01 7.208192721009e-03
-6.840507507324e+01 3.124552778900e-03
-6.801226806641e+01 3.455880098045e-03
-6.761946868896e+01 3.246420295909e-03
-6.722666168213e+01 3.046364523470e-03
-6.683386230469e+01 8.981134742498e-03
-6.644106292725e+01 9.735290659592e-04
-6.604825592041e+01 7.646704092622e-03
-6.565545654297e+01 -3.541461192071e-04
-6.526264953613e+01 1.757483230904e-03
-6.486985015869e+01 -5.968340556137e-04
-6.447704315186e+01 7.553139002994e-04
-6.408424377441e+01 6.520644295961e-03
-6.369144058228e+01 -4.679557750933e-04
-6.329863739014e+01 1.367915188894e-03
-6.290583419800e+01 3.195378812961e-04
-6.251303100586e+01 2.181150251999e-03
-6.212023162842e+01 6.031846278347e-04
-6.172742843628e+01 -3.804166801274e-03
-6.133462524414e+01 8.496414870024e-03
-6.094182205200e+01 1.081450755009e-04
-6.054901885986e+01 4.774463828653e-03
-6.015621566772e+01 7.882311008871e-03
-5.976341629028e+01 -4.684873390943e-03
-5.937061309814e+01 1.759443257470e-04
-5.897780990601e+01 1.377744693309e-02
-5.858500671387e+01 5.593010690063e-03
-5.819220352173e+01 -2.801741473377e-03
-5.779940032959e+01 -1.124427537434e-03
-5.740659713745e+01 -5.743895657361e-03
-5.701379776001e+01 1.025205827318e-03
-5.662099456787e+01 9.757012012415e-04
-5.622819137573e+01 5.018346477300e-03
-5.583538818359e+01 -2.273348392919e-03
-5.544258499146e+01 -3.853865899146e-03
-5.504978179932e+01 7.323307916522e-03
-5.465697860718e+01 1.245774095878e-03
-5.426417922974e+01 5.354161839932e-03
-5.387137603760e+01 5.174594116397e-04
-5.347857284546e+01 -3.111574100330e-03
-5.308576965332e+01 4.410916939378e-03
-5.269296646118e+01 1.236236374825e-02
-5.230016326904e+01 -9.109931997955e-03
-5.190736007690e+01 -1.329116988927e-02
-5.151456069946e+01 -1.960071967915e-03
-5.112175750732e+01 -1.002509798855e-02
-5.072895431519e+01 6.294455379248e-03
-5.033615112305e+01 8.231615647674e-03
-4.994334793091e+01 4.422693047673e-03
-4.955054473877e+01 2.295732556377e-04
-4.915774154663e+01 -1.678028027527e-03
-4.876494216919e+01 2.233274281025e-02
-4.837213897705e+01 1.034552697092e-02
-4.797933578491e+01 8.222423493862e-03
-4.758653259277e+01 1.431391225196e-03
-4.719372940063e+01 1.087341923267e-02
-4.680092620850e+01 3.962472081184e-03
-4.640812301636e+01 1.922070421278e-02
-4.601532363892e+01 6.360554252751e-04
-4.562252044678e+01 5.100521259010e-03
-4.522971725464e+01 8.290033787489e-03
-4.483691406250e+01 -5.137837026268e-03
-4.444411087036e+01 4.973560571671e-04
-4.405130767822e+01 7.575508672744e-03
-4.365850448608e+01 1.540692872368e-03
-4.326570510864e+01 -5.704273004085e-03
-4.287290191650e+01 1.733174431138e-03
-4.248009872437e+01 1.125474553555e-02
-4.208729553223e+01 -3.215963719413e-03
-4.169449234009e+01 5.312162917107e-03
-4.130168914795e+01 2.046907506883e-02
-4.090888595581e+01 1.477321889251e-02
-4.051608657837e+01 6.635073106736e-03
-4.012328338623e+01 -5.843820516020e-03
-3.973048019409e+01 -9.460515342653e-03
-3.933767700195e+01 -6.015085149556e-03
-3.894487380981e+01 -6.481942255050e-03
-3.855207061768e+01 9.221461601555e-03
-3.815927124023e+01 1.520595396869e-03
-3.776646804810e+01 3.999879118055e-04
-3.737366485596e+01 -4.203503951430e-03
-3.698086166382e+01 -7.720048073679e-03
-3.658805847168e+01 4.297699313611e-03
-3.619525527954e+01 -4.077073186636e-03
-3.580245208740e+01 4.027100279927e-03
-3.540965270996e+01 4.938283469528e-03
-3.501684951782e+01 8.552626706660e-03
-3.462404632568e+01 3.013488836586e-03
-3.423124313354e+01 9.837215766311e-03
-3.383843994141e+01 9.276277385652e-03
-3.344563674927e+01 -2.662294311449e-03
-3.305283355713e+01 -2.166781341657e-03
-3.266003417969e+01 -1.071223244071e-02
-3.226723098755e+01 -3.018947318196e-03
-3.187442779541e+01 -4.263764712960e-03
-3.148162460327e+01 -2.820313442498e-03
-3.108882141113e+01 -1.949189696461e-03
-3.069602012634e+01 -1.619159616530e-02
-3.030321693420e+01 -5.049238912761e-03
-2.991041374207e+01 5.225645843893e-03
-2.951761054993e+01 -8.710874244571e-03
-2.912480926514e+01 -3.628855338320e-03
-2.873200607300e+01 -1.231859717518e-02
-2.833920288086e+01 1.697728410363e-03
-2.794640159607e+01 -1.801234669983e-03
-2.755359840393e+01 2.951008500531e-03
-2.716079521179e+01 3.694321494550e-03
-2.676799201965e+01 9.206284768879e-03
-2.637519073486e+01 -1.197240781039e-03
-2.598238754272e+01 -2.992047462612e-03
-2.558958435059e+01 -1.269437279552e-02
-2.519678306580e+01 -8.455553092062e-03
-2.480397987366e+01 -1.168107986450e-02
-2.441117668152e+01 -8.163638412952e-03
-2.401837348938e+01 1.147371949628e-03
-2.362557220459e+01 -1.087070070207e-02
-2.323276901245e+01 -2.847917145118e-03
-2.283996582031e+01 -1.124596106820e-03
-2.244716453552e+01 -9.166565723717e-03
-2.205436134338e+01 -9.656327776611e-03
-2.166155815125e+01 -5.322853568941e-03
-2.126875686646e+01 -6.381011568010e-03
-2.087595367432e+01 2.619393926580e-04
-2.048315048218e+01 -8.507774211466e-03
-2.009034729004e+01 -4.287444520742e-03
-1.969754600525e+01 -2.778211142868e-03
-1.930474281311e+01 9.015242569149e-03
-1.891193962097e+01 2.007350511849e-02
-1.851913833618e+01 5.080133210868e-03
-1.812633514404e+01 5.060198251158e-03
-1.773353195190e+01 8.215384557843e-03
-1.734072875977e+01 1.201234385371e-02
-1.694792747498e+01 3.292479785159e-03
-1.655512428284e+01 5.408388562500e-03
-1.616232109070e+01 1.100431382656e-02
-1.576951885223e+01 7.141872774810e-03
-1.537671661377e+01 9.856888093054e-03
-1.498391342163e+01 1.373261958361e-02
-1.459111118317e+01 -8.117794990540e-03
-1.419830799103e+01 1.077533140779e-02
-1.380550575256e+01 2.481068484485e-03
-1.341270351410e+01 -8.001863956451e-03
-1.301990032196e+01 1.260757725686e-02
-1.262709808350e+01 1.121659856290e-02
-1.223429489136e+01 7.082129362971e-03
-1.184149265289e+01 1.186305307783e-03
-1.144869041443e+01 6.195988133550e-02
-1.105588722229e+01 4.559294283390e-01
-1.066308498383e+01 1.505020022392e+00
-1.027028179169e+01 1.467923641205e+00
-9.877479553223e+00 2.695065736771e-01
-9.484676361084e+00 2.176458016038e-02
-9.091874122620e+00 5.957123823464e-03
-8.699071884155e+00 8.933898061514e-03
-8.306268692017e+00 -1.314333546907e-02
-7.913466453552e+00 -2.198120811954e-03
-7.520663738251e+00 1.405193936080e-03
-7.127861022949e+00 2.027908898890e-02
-6.735058307648e+00 1.679397001863e-02
-6.342255592346e+00 -9.622629731894e-04
-5.949452877045e+00 -1.195556856692e-02
-5.556650638580e+00 4.206439014524e-03
-5.163847923279e+00 6.242309231311e-03
-4.771045207977e+00 7.025006227195e-03
-4.378242492676e+00 2.267811261117e-02
-3.985439777374e+00 7.702723145485e-02
-3.592637300491e+00 5.400704145432e-01
-3.199834585190e+00 1.583778977394e+00
-2.807031869888e+00 2.573375225067e+00
-2.414229393005e+00 3.011704921722e+00
-2.021426677704e+00 2.092737197876e+00
-1.628624081612e+00 2.211542844772e+00
-1.235821485519e+00 1.753903269768e+00
-8.430187702179e-01 3.296711146832e-01
-4.502161443233e-01 4.701908677816e-02
-5.741351470351e-02 1.697543635964e-02
3.353891074657e-01 3.977815620601e-03
7.281917333603e-01 4.841702990234e-03
1.120994448662e+00 4.163547419012e-03
1.513797044754e+00 -8.724311366677e-03
1.906599640846e+00 1.907436549664e-02
2.299402236938e+00 2.235527932644e-01
2.692204952240e+00 1.033357858658e+00
3.085007667542e+00 2.437970876694e+00
3.477810144424e+00 2.572682619095e+00
3.870612859726e+00 1.468881130219e+00
4.263415336609e+00 8.299295306206e-01
4.656218051910e+00 6.594073176384e-01
5.049020767212e+00 9.127190709114e-02
5.441823482513e+00 1.276021823287e-03
5.834626197815e+00 -1.473391777836e-03
6.227428913116e+00 -1.066058594733e-02
6.620231151581e+00 -1.528494904051e-04
7.013033866882e+00 -1.777918776497e-03
7.405836582184e+00 1.278003212065e-02
7.798639297485e+00 9.756383486092e-03
8.191441535950e+00 -8.936776779592e-03
8.584244728088e+00 1.252433285117e-03
8.977046966553e+00 -1.385642448440e-03
9.369850158691e+00 -1.074756868184e-02
9.762652397156e+00 -5.409437580965e-04
1.015545463562e+01 1.295438595116e-02
1.054825782776e+01 -4.717455711216e-03
1.094106006622e+01 -3.708607750013e-03
1.133386325836e+01 -6.144934799522e-03
1.172666549683e+01 -5.779368337244e-03
1.211946868896e+01 1.714612124488e-03
1.251227092743e+01 2.612696494907e-03
1.290507316589e+01 -1.240644487552e-03
1.329787635803e+01 -5.999458953738e-03
1.369067859650e+01 -2.017952036113e-03
1.408348178864e+01 6.742469500750e-03
1.447628402710e+01 1.251499727368e-02
1.486908626556e+01 1.666243188083e-03
1.526188945770e+01 -5.434322636575e-03
1.565469169617e+01 -5.684270057827e-03
1.604749488831e+01 9.337933734059e-03
1.644029808044e+01 1.386527065188e-02
1.683309936523e+01 2.312099561095e-03
1.722590255737e+01 -1.655486598611e-02
1.761870574951e+01 -2.279855497181e-02
1.801150703430e+01 -5.505472887307e-03
1.840431022644e+01 -1.375399716198e-02
1.879711341858e+01 2.644782187417e-03
1.918991661072e+01 7.327224593610e-03
1.958271789551e+01 2.145878504962e-03
1.997552108765e+01 1.522440114059e-03
2.036832427979e+01 -2.703105797991e-03
2.076112556458e+01 8.073042845353e-04
2.115392875671e+01 2.651698887348e-03
2.154673194885e+01 -1.878243288957e-03
2.193953323364e+01 5.562250036746e-03
2.233233642578e+01 -2.980448771268e-03
2.272513961792e+01 7.305108476430e-03
2.311794281006e+01 -2.719210227951e-03
2.351074409485e+01 2.408921951428e-03
2.390354728699e+01 1.093386579305e-02
2.429635047913e+01 1.687644608319e-02
2.468915176392e+01 6.306799128652e-03
2.508195495605e+01 -5.224322434515e-03
2.547475814819e+01 -5.792434327304e-03
2.586756134033e+01 -2.223285613582e-03
2.626036262512e+01 -1.041067857295e-02
2.665316581726e+01 -1.125818863511e-02
2.704596900940e+01 7.585372077301e-04
2.743877029419e+01 -6.119373254478e-03
2.783157348633e+01 -9.652724256739e-04
2.822437667847e+01 3.155940445140e-03
2.861717987061e+01 5.206590052694e-03
2.900998115540e+01 -1.018762122840e-02
2.940278434753e+01 -5.008427891880e-03
2.979558753967e+01 3.468057606369e-03
3.018838882446e+01 -1.183877699077e-02
3.058119201660e+01 7.196571212262e-03
3.097399520874e+01 -1.727187191136e-04
3.136679840088e+01 7.494668476284e-03
3.175959968567e+01 2.973665716127e-03
3.215240097046e+01 2.843233291060e-03
3.254520416260e+01 -1.321117021143e-02
3.293800735474e+01 -1.369931176305e-02
3.333081054688e+01 3.811264410615e-03
3.372361373901e+01 -8.096482604742e-03
3.411641693115e+01 -1.032867748290e-02
3.450922012329e+01 -5.985632073134e-03
3.490201950073e+01 2.459808019921e-03
3.529482269287e+01 -2.532476501074e-04
3.568762588501e+01 -2.334923017770e-03
3.608042907715e+01 -1.081431750208e-02
3.647323226929e+01 -1.157482713461e-02
3.686603546143e+01 -9.497839957476e-03
3.725883865356e+01 -6.450877990574e-04
3.765163803101e+01 -8.473879657686e-03
3.804444122314e+01 2.654483076185e-03
3.843724441528e+01 -6.178811658174e-03
3.883004760742e+01 1.673638354987e-03
3.922285079956e+01 -8.144334889948e-03
3.961565399170e+01 -5.744386464357e-03
4.000845718384e+01 -5.273525021039e-04
4.040125656128e+01 7.006976753473e-03
4.079405975342e+01 -7.557285018265e-03
4.118686294556e+01 2.836761763319e-03
4.157966613770e+01 3.196218749508e-04
4.197246932983e+01 -2.959688659757e-03
4.236527252197e+01 2.499642141629e-04
4.275807571411e+01 1.557439682074e-03
4.315087509155e+01 9.350305190310e-04
4.354367828369e+01 -2.338100457564e-03
4.393648147583e+01 -4.442937672138e-03
4.432928466797e+01 -9.710586629808e-03
4.472208786011e+01 1.044723205268e-03
4.511489105225e+01 -5.299220327288e-03
4.550769424438e+01 6.705624982715e-03
4.590049362183e+01 3.993095888291e-04
4.629329681396e+01 4.776266403496e-03
4.668610000610e+01 -1.421429682523e-02
4.707890319824e+01 -8.717835880816e-04
4.747170639038e+01 2.512119896710e-02
4.786450958252e+01 1.436731778085e-02
4.825731277466e+01 3.546764841303e-03
4.865011215210e+01 -1.127521274611e-03
4.904291534424e+01 3.698369488120e-03
4.943571853638e+01 -4.352911841124e-03
4.982852172852e+01 -9.511154145002e-03
5.022132492065e+01 2.210717462003e-02
5.061412811279e+01 8.899827487767e-03
5.100692749023e+01 -1.863496378064e-02
5.139973068237e+01 -7.479489780962e-03
5.179253387451e+01 2.314968733117e-03
5.218533706665e+01 4.496570676565e-03
5.257814025879e+01 1.045440323651e-02
5.297094345093e+01 9.038509801030e-03
5.336374664307e+01 2.069119596854e-03
5.375654602051e+01 -6.657750927843e-04
5.414934921265e+01 6.995827425271e-03
5.454215240479e+01 -7.346974220127e-03
5.493495559692e+01 -3.674521110952e-03
5.532775878906e+01 1.901636132970e-03
5.572056198120e+01 2.354347612709e-03
5.611336517334e+01 9.256789460778e-03
5.650616455078e+01 -5.998716223985e-04
5.689896774292e+01 8.251230232418e-03
5.729177093506e+01 3.040042473003e-03
5.768457412720e+01 4.440851334948e-04
5.807737731934e+01 6.561957299709e-03
5.847018051147e+01 2.908113820013e-04
5.886298370361e+01 -5.825510714203e-03
5.925578308105e+01 2.671308116987e-03
5.964858627319e+01 1.232544891536e-02
6.004138946533e+01 2.285036956891e-03
6.043419265747e+01 4.627730697393e-03
6.082699584961e+01 -5.197153077461e-04
6.121979904175e+01 2.757645584643e-02
6.161260223389e+01 6.412848364562e-03
6.200540161133e+01 -3.974619787186e-03
6.239820480347e+01 -2.791036386043e-03
6.279100799561e+01 -1.061374694109e-02
6.318381118774e+01 1.415613805875e-03
6.357661437988e+01 3.321676282212e-03
6.396941757202e+01 2.550556091592e-03
6.436222076416e+01 3.205491229892e-03
6.475502014160e+01 -1.275385729969e-03
6.514782714844e+01 -3.103764727712e-03
6.554062652588e+01 -4.368030000478e-03
6.593342590332e+01 -1.413744874299e-03
6.632623291016e+01 1.190631836653e-02
6.671903228760e+01 -7.831675466150e-04
6.711183929443e+01 2.362540108152e-04
6.750463867188e+01 -2.972122747451e-03
6.789744567871e+01 2.456978196278e-03
6.829024505615e+01 5.784928798676e-03
6.868304443359e+01 1.195901058963e-04
6.907585144043e+01 5.304872058332e-03
6.946865081787e+01 1.047029625624e-02
6.986145782471e+01 4.124615341425e-03
7.025425720215e+01 9.657529182732e-03
7.064706420898e+01 2.424703678116e-03
7.103986358643e+01 -1.369614270516e-03
7.143266296387e+01 -1.477035111748e-03
7.182546997070e+01 5.598790477961e-03
7.221826934814e+01 1.127270422876e-02
7.261107635498e+01 -5.921159870923e-03
7.300387573242e+01 7.787119830027e-05
7.339668273926e+01 6.131817121059e-03
7.378948211670e+01 2.559953834862e-03
7.418228149414e+01 2.345425821841e-02
7.457508850098e+01 8.020996116102e-03
7.496788787842e+01 3.292327048257e-03
7.536069488525e+01 -6.417783442885e-03
7.575349426270e+01 1.400895882398e-02
7.614630126953e+01 9.836430661380e-03
7.653910064697e+01 1.283213682473e-02
7.693190002441e+01 5.409032572061e-03
7.732470703125e+01 -3.611142747104e-04
7.771750640869e+01 -6.764004938304e-04
7.811031341553e+01 -5.113216582686e-03
7.850311279297e+01 -1.159444451332e-02
7.889591979980e+01 5.099798087031e-03
7.928871917725e+01 6.073877681047e-03
7.968151855469e+01 -4.778087604791e-03
8.007432556152e+01 8.591320365667e-03
8.046712493896e+01 3.964588511735e-03
8.085993194580e+01 7.680119597353e-04
8.125273132324e+01 2.105950936675e-02
8.164553833008e+01 1.898700254969e-03
8.203833770752e+01 -5.847202613950e-03
8.243113708496e+01 -9.302755817771e-03
8.282394409180e+01 1.217140001245e-03
8.321674346924e+01 1.507153734565e-03
8.360955047607e+01 -8.437365759164e-04
8.400234985352e+01 1.578559726477e-02
8.439515686035e+01 1.078461017460e-02
8.478795623779e+01 -1.160321198404e-02
8.518075561523e+01 -1.053347717971e-02
8.557356262207e+01 1.717807026580e-03
8.596636199951e+01 -6.575776264071e-03
8.635916900635e+01 -9.954597800970e-03
8.675196838379e+01 -4.159721356700e-05
8.714477539062e+01 3.761603962630e-03
8.753757476807e+01 3.478761296719e-03
8.793037414551e+01 1.368053536862e-02
8.832318115234e+01 9.710635989904e-03
8.871598052979e+01 -6.272390950471e-03
8.910878753662e+01 -3.078591544181e-04
8.950158691406e+01 4.928659182042e-03
8.989439392090e+01 -8.046687580645e-03
9.028719329834e+01 1.713165547699e-03
9.067999267578e+01 -2.427415456623e-03
9.107279968262e+01 -4.193230532110e-03
9.146559906006e+01 5.730284843594e-03
9.185840606689e+01 -1.002799347043e-02
9.225120544434e+01 -6.162425968796e-03
9.264401245117e+01 8.313961327076e-03
9.303681182861e+01 1.339877373539e-03
9.342961120605e+01 -1.202806923538e-02
9.382241821289e+01 -1.610767468810e-02
9.421521759033e+01 -5.733446218073e-03
9.460802459717e+01 -2.174021676183e-03
9.500082397461e+01 7.709572557360e-03
9.539363098145e+01 7.917806506157e-03
9.578643035889e+01 -2.087220636895e-04
9.617922973633e+01 -2.797508146614e-03
9.657203674316e+01 -5.650424864143e-03
9.696483612061e+01 -1.033649197780e-03
9.735764312744e+01 -8.232293650508e-03
