#title: Spectral profile - ACA.HH114MMSSPW4.clean.image
#region (world): Ellipse[[05:18:18.099, +07d10m28.599], [05:18:14.739, +07d11m18.599]]
#region (pixel): Ellipse[[105, 75], [154, 124]]
#coordinate: world
#xLabel: frequency [GHz]
#yLabel: [Jy/beam] Mean

# BLC.HH114MMSSPW4.clean.image-raster
9.066998291016e+01 -9.443945251405e-03
9.066986083984e+01 -1.221157144755e-02
9.066973876953e+01 6.920513696969e-03
9.066961669922e+01 -2.263397909701e-03
9.066949462891e+01 -1.513891504146e-03
9.066937255859e+01 -5.181734450161e-03
9.066925048828e+01 -1.294897403568e-02
9.066912841797e+01 -1.453524269164e-02
9.066900634766e+01 -1.503559481353e-02
9.066888427734e+01 -5.675515159965e-03
9.066876220703e+01 2.748529892415e-03
9.066864013672e+01 -6.800215691328e-03
9.066851806641e+01 2.445068210363e-02
9.066839599609e+01 -6.883420050144e-03
9.066827392578e+01 -1.992808422074e-03
9.066815185547e+01 9.202621877193e-03
9.066802978516e+01 5.944544915110e-03
9.066790771484e+01 4.006413801108e-04
9.066778564453e+01 6.469951476902e-04
9.066766357422e+01 1.604011049494e-05
9.066754150391e+01 1.211224216968e-02
9.066741943359e+01 1.712566940114e-03
9.066729736328e+01 2.130189212039e-03
9.066717529297e+01 -2.623109845445e-03
9.066705322266e+01 -1.033552270383e-02
9.066693115234e+01 3.962047398090e-03
9.066680908203e+01 1.768144965172e-02
9.066668701172e+01 -7.365207187831e-03
9.066656494141e+01 -1.158805098385e-03
9.066644287109e+01 7.498521357775e-03
9.066632080078e+01 2.005761303008e-02
9.066619873047e+01 1.036815997213e-02
9.066607666016e+01 -1.027360092849e-02
9.066595458984e+01 1.510797737865e-04
9.066583251953e+01 -1.618777168915e-04
9.066571044922e+01 9.415661916137e-03
9.066558837891e+01 -3.119343426079e-03
9.066546630859e+01 -4.639573860914e-03
9.066534423828e+01 -5.931067862548e-04
9.066522216797e+01 -1.045832294039e-03
9.066510009766e+01 6.763251032680e-03
9.066497802734e+01 9.574970230460e-03
9.066485595703e+01 1.801960542798e-02
9.066473388672e+01 1.841999590397e-02
9.066461181641e+01 4.231477528811e-02
9.066448974609e+01 1.337313801050e-01
9.066436767578e+01 2.823794484138e-01
9.066424560547e+01 4.833471477032e-01
9.066412353516e+01 1.544139504433e+00
9.066400146484e+01 3.018502712250e+00
9.066387939453e+01 2.027722358704e+00
9.066375732422e+01 1.628369092941e+00
9.066363525391e+01 9.332537651062e-01
9.066351318359e+01 2.172135561705e-01
9.066339111328e+01 4.279409535229e-03
9.066326904297e+01 -1.123186107725e-02
9.066314697266e+01 9.856133256108e-04
9.066302490234e+01 -6.712674163282e-03
9.066290283203e+01 8.705189451575e-03
9.066278076172e+01 1.340135280043e-02
9.066265869141e+01 -4.708546679467e-03
9.066253662109e+01 -8.810037747025e-03
9.066241455078e+01 7.376011461020e-03
9.066229248047e+01 -3.182413347531e-04
9.066217041016e+01 1.739621045999e-03
9.066204833984e+01 1.192570663989e-02
9.066192626953e+01 4.984536208212e-03
9.066180419922e+01 -2.253655344248e-03
9.066168212891e+01 -1.475487835705e-02
9.066156005859e+01 -4.045199137181e-03
9.066143798828e+01 7.709708996117e-03
9.066131591797e+01 -5.781272891909e-03
9.066119384766e+01 2.834778511897e-03
9.066107177734e+01 -5.379687063396e-03
9.066094970703e+01 9.438130073249e-04
9.066082763672e+01 2.286870876560e-04
9.066070556641e+01 7.920872420073e-03
9.066058349609e+01 -1.103087794036e-02
9.066046142578e+01 -1.496908627450e-02
9.066033935547e+01 -1.007211767137e-02
9.066021728516e+01 -4.341635853052e-03
9.066009521484e+01 9.174048900604e-03
9.065997314453e+01 7.841563783586e-03
9.065985107422e+01 1.445963326842e-02
9.065972900391e+01 -3.848634893075e-03
9.065960693359e+01 -1.455999095924e-03
9.065948486328e+01 4.260641522706e-03
9.065936279297e+01 1.289981603622e-02
9.065924072266e+01 1.631854474545e-02
9.065911865234e+01 6.061563544790e-05
9.065899658203e+01 -5.644725169986e-03
9.065887451172e+01 -1.456231810153e-02
9.065875244141e+01 -9.295282885432e-03
9.065863037109e+01 -3.934896085411e-03
9.065850830078e+01 -8.534654974937e-03
9.065838623047e+01 4.925163462758e-03
9.065826416016e+01 6.023867055774e-03
9.065814208984e+01 5.803107284009e-03
9.065802001953e+01 3.392656100914e-03
9.065789794922e+01 1.518234377727e-03
9.065777587891e+01 2.146848477423e-03
9.065765380859e+01 -2.132935682312e-03
9.065753173828e+01 -1.101400610059e-02
9.065740966797e+01 8.098503574729e-03
9.065728759766e+01 2.001541852951e-02
9.065716552734e+01 -3.725234710146e-04
9.065704345703e+01 -2.323846518993e-02
9.065692138672e+01 8.349647978321e-04
9.065679931641e+01 2.167909173295e-03
9.065667724609e+01 3.485927125439e-03
9.065655517578e+01 5.497157573700e-03
9.065643310547e+01 -9.612791240215e-03
9.065631103516e+01 -1.842029765248e-02
9.065618896484e+01 -2.970383968204e-03
9.065606689453e+01 -2.634952543303e-03
9.065594482422e+01 -1.281167287380e-02
9.065582275391e+01 -3.024459350854e-03
9.065570068359e+01 -2.911252959166e-04
9.065557861328e+01 -1.522700674832e-02
9.065545654297e+01 1.545691397041e-02
9.065533447266e+01 -5.485529545695e-04
9.065521240234e+01 -3.414234146476e-03
9.065508270264e+01 6.437331321649e-04
9.065496063232e+01 -7.016930263489e-03
9.065483856201e+01 -6.521060713567e-04
9.065471649170e+01 -1.591602899134e-02
9.065459442139e+01 -1.844050735235e-02
9.065447235107e+01 3.117552958429e-03
9.065435028076e+01 -3.567180829123e-03

# ACA.HH114MMSSPW4.clean.image
9.066995239258e+01 5.152641329914e-03
9.066983032227e+01 -3.593161236495e-03
9.066970825195e+01 6.836791522801e-03
9.066958618164e+01 8.767629042268e-04
9.066946411133e+01 -6.371736526489e-03
9.066934204102e+01 -4.630532581359e-03
9.066921997070e+01 -8.919656276703e-03
9.066909790039e+01 -6.411743815988e-03
9.066897583008e+01 -2.312808996066e-03
9.066885375977e+01 4.144899081439e-03
9.066873168945e+01 4.497029818594e-03
9.066860961914e+01 1.802669279277e-02
9.066848754883e+01 4.967812448740e-03
9.066836547852e+01 -4.776544403285e-03
9.066824340820e+01 -1.429439615458e-02
9.066812133789e+01 1.318902242929e-03
9.066799926758e+01 -3.579044248909e-03
9.066787719727e+01 8.220081217587e-03
9.066775512695e+01 2.251816214994e-03
9.066763305664e+01 -4.375582095236e-03
9.066751098633e+01 9.905457496643e-03
9.066738891602e+01 -1.576081616804e-03
9.066726684570e+01 1.684299483895e-02
9.066714477539e+01 -4.791581537575e-03
9.066702270508e+01 -5.490873940289e-03
9.066690063477e+01 -9.818314574659e-03
9.066677856445e+01 6.744862184860e-04
9.066665649414e+01 3.870055777952e-03
9.066653442383e+01 6.788256112486e-03
9.066641235352e+01 -8.253784850240e-03
9.066629028320e+01 -1.506315195002e-03
9.066616821289e+01 -2.636498073116e-03
9.066604614258e+01 -2.278739411850e-04
9.066592407227e+01 -8.236499503255e-03
9.066580200195e+01 -1.697959750891e-02
9.066567993164e+01 -7.014208240435e-04
9.066555786133e+01 -4.892289172858e-03
9.066543579102e+01 -3.312535816804e-03
9.066531372070e+01 7.062435615808e-03
9.066519165039e+01 -1.920771668665e-03
9.066506958008e+01 3.951408434659e-03
9.066494750977e+01 -9.377996437252e-03
9.066482543945e+01 -2.096478128806e-03
9.066470336914e+01 1.309864223003e-02
9.066458129883e+01 6.307490170002e-02
9.066445922852e+01 1.854220777750e-01
9.066433715820e+01 3.164211511612e-01
9.066421508789e+01 6.255612373352e-01
9.066409301758e+01 2.017262220383e+00
9.066397094727e+01 3.220662593842e+00
9.066384887695e+01 2.229529857635e+00
9.066372680664e+01 1.970052480698e+00
9.066360473633e+01 8.558666110039e-01
9.066348266602e+01 1.804246455431e-01
9.066336059570e+01 1.790686324239e-02
9.066323852539e+01 1.796582713723e-02
9.066311645508e+01 9.492668323219e-03
9.066299438477e+01 -5.086236167699e-03
9.066287231445e+01 -9.631855413318e-03
9.066275024414e+01 1.750655588694e-03
9.066262817383e+01 1.421002764255e-02
9.066250610352e+01 9.168617427349e-03
9.066238403320e+01 -7.745357230306e-03
9.066226196289e+01 -9.023943915963e-03
9.066213989258e+01 -2.806181320921e-03
9.066201782227e+01 -3.706689924002e-03
9.066189575195e+01 -7.385943550617e-03
9.066177368164e+01 5.492146592587e-03
9.066165161133e+01 1.236776239239e-03
9.066152954102e+01 3.894561668858e-04
9.066140747070e+01 -1.878066337667e-03
9.066128540039e+01 -8.902494795620e-03
9.066116333008e+01 -9.927405044436e-04
9.066104125977e+01 -3.691751509905e-03
9.066091918945e+01 -1.165708876215e-03
9.066079711914e+01 2.296608407050e-03
9.066067504883e+01 -8.507072925568e-03
9.066055297852e+01 -3.467088099569e-03
9.066043090820e+01 -1.490499242209e-03
9.066030883789e+01 -4.021006170660e-03
9.066018676758e+01 1.895107701421e-02
9.066006469727e+01 5.651063838741e-05
9.065994262695e+01 8.075456134975e-03
9.065982055664e+01 7.625046651810e-03
9.065969848633e+01 6.268945056945e-03
9.065957641602e+01 -4.749190527946e-03
9.065945434570e+01 1.032685395330e-02
9.065933227539e+01 1.102904789150e-02
9.065921020508e+01 -3.248195571359e-05
9.065908813477e+01 7.628560415469e-04
9.065896606445e+01 -3.530421992764e-03
9.065884399414e+01 -2.562316833064e-03
9.065872192383e+01 -6.604820955545e-03
9.065859985352e+01 4.813906736672e-03
9.065847778320e+01 -2.495722612366e-03
9.065835571289e+01 3.370877355337e-03
9.065823364258e+01 7.837799377739e-03
9.065811157227e+01 -1.374917197973e-02
9.065798950195e+01 -3.649920225143e-03
9.065786743164e+01 8.496996015310e-03
9.065774536133e+01 1.021797861904e-02
9.065762329102e+01 2.456909744069e-03
9.065750122070e+01 1.908650156111e-03
9.065737915039e+01 -9.031169116497e-03
9.065725708008e+01 -3.526436630636e-03
9.065713500977e+01 -5.459083244205e-03
9.065701293945e+01 -5.697994492948e-03
9.065689086914e+01 -6.726575549692e-03
9.065676879883e+01 -1.105340663344e-03
9.065664672852e+01 -6.940940394998e-03
9.065652465820e+01 -1.356866024435e-02
9.065640258789e+01 2.608129871078e-04
